All   channel acquired
Date[dd-mm-yy]= 02-07-21   Time= 16:33:23
  time[s]	      Bx[mT]	     By[mT]	      Bz[mT]	     Bmod[mT]
  0.003320	    -0.151	     0.066	     0.057	     0.174
  0.006640	    -0.155	     0.061	     0.061	     0.177
  0.009960	    -0.146	     0.073	     0.051	     0.171
  0.013280	    -0.144	     0.020	     0.038	     0.150
  0.016600	    -0.132	     0.044	     0.056	     0.150
  0.019920	    -0.137	     0.027	     0.071	     0.157
  0.023240	    -0.145	     0.064	     0.056	     0.168
  0.026560	    -0.145	     0.025	     0.054	     0.157
  0.029880	    -0.123	     0.031	     0.048	     0.136
  0.033200	    -0.129	     0.043	     0.071	     0.153
  0.036520	    -0.128	     0.085	     0.041	     0.159
  0.039840	    -0.130	     0.039	     0.053	     0.146
  0.043160	    -0.144	     0.057	     0.048	     0.162
  0.046480	    -0.129	     0.036	     0.046	     0.142
  0.049800	    -0.140	     0.043	     0.046	     0.154
  0.053120	    -0.139	     0.039	     0.059	     0.156
  0.056440	    -0.118	     0.040	     0.037	     0.130
  0.059760	    -0.156	     0.037	     0.044	     0.166
  0.063080	    -0.146	     0.054	     0.045	     0.162
  0.066400	    -0.162	     0.035	     0.056	     0.175
  0.069720	    -0.141	     0.036	     0.062	     0.158
  0.073040	    -0.127	     0.037	     0.026	     0.135
  0.076360	    -0.137	     0.050	     0.053	     0.155
  0.079680	    -0.142	     0.056	     0.052	     0.161
  0.083000	    -0.105	     0.036	     0.067	     0.130
  0.086320	    -0.113	     0.030	     0.050	     0.127
  0.089640	    -0.128	     0.043	     0.062	     0.149
  0.092960	    -0.100	     0.053	     0.055	     0.126
  0.096280	    -0.139	     0.059	     0.052	     0.160
  0.099600	    -0.137	     0.074	     0.064	     0.168
  0.102920	    -0.145	     0.039	     0.041	     0.156
  0.106240	    -0.149	     0.045	     0.052	     0.164
  0.109560	    -0.165	     0.061	     0.077	     0.192
  0.112880	    -0.136	     0.058	     0.061	     0.160
  0.116200	    -0.143	     0.024	     0.059	     0.157
  0.119520	    -0.124	     0.043	     0.065	     0.146
  0.122840	    -0.137	     0.050	     0.054	     0.156
  0.126160	    -0.145	     0.052	     0.029	     0.157
  0.129480	    -0.124	     0.056	     0.044	     0.143
  0.132800	    -0.134	     0.057	     0.062	     0.158
  0.136120	    -0.106	     0.039	     0.044	     0.121
  0.139440	    -0.149	     0.039	     0.055	     0.164
  0.142760	    -0.132	     0.036	     0.051	     0.146
  0.146080	    -0.112	     0.048	     0.083	     0.147
  0.149400	    -0.129	     0.036	     0.047	     0.142
  0.152720	    -0.149	     0.067	     0.054	     0.172
  0.156040	    -0.114	     0.054	     0.050	     0.136
  0.159360	    -0.122	     0.065	     0.063	     0.152
  0.162680	    -0.119	     0.039	     0.080	     0.149
  0.166000	    -0.116	     0.073	     0.056	     0.148
  0.169320	    -0.142	     0.056	     0.044	     0.159
  0.172640	    -0.102	     0.046	     0.055	     0.125
  0.175960	    -0.142	     0.055	     0.050	     0.160
  0.179280	    -0.137	     0.061	     0.064	     0.163
  0.182600	    -0.142	     0.044	     0.048	     0.156
  0.185920	    -0.128	     0.039	     0.057	     0.145
  0.189240	    -0.144	     0.046	     0.059	     0.162
  0.192560	    -0.134	     0.060	     0.052	     0.156
  0.195880	    -0.134	     0.032	     0.041	     0.144
  0.199200	    -0.156	     0.034	     0.049	     0.167
  0.202520	    -0.148	     0.058	     0.064	     0.171
  0.205840	    -0.138	     0.059	     0.051	     0.159
  0.209160	    -0.150	     0.050	     0.029	     0.161
  0.212480	    -0.157	     0.049	     0.072	     0.180
  0.215800	    -0.120	     0.039	     0.043	     0.133
  0.219120	    -0.147	     0.059	     0.086	     0.180
  0.222440	    -0.134	     0.038	     0.062	     0.152
  0.225760	    -0.123	     0.058	     0.056	     0.147
  0.229080	    -0.115	     0.040	     0.052	     0.132
  0.232400	    -0.119	     0.061	     0.068	     0.150
  0.235720	    -0.144	     0.047	     0.051	     0.160
  0.239040	    -0.151	     0.039	     0.047	     0.163
  0.242360	    -0.139	     0.036	     0.049	     0.152
  0.245680	    -0.143	     0.074	     0.062	     0.173
  0.249000	    -0.131	     0.017	     0.053	     0.142
  0.252320	    -0.162	     0.033	     0.061	     0.176
  0.255640	    -0.153	     0.051	     0.062	     0.173
  0.258960	    -0.164	     0.064	     0.043	     0.181
  0.262280	    -0.136	     0.065	     0.040	     0.156
  0.265600	    -0.142	     0.045	     0.047	     0.156
  0.268920	    -0.148	     0.048	     0.044	     0.162
  0.272240	    -0.135	     0.067	     0.052	     0.159
  0.275560	    -0.122	     0.050	     0.053	     0.142
  0.278880	    -0.147	     0.049	     0.060	     0.166
  0.282200	    -0.135	     0.048	     0.068	     0.159
  0.285520	    -0.151	     0.028	     0.055	     0.163
  0.288840	    -0.173	     0.041	     0.051	     0.185
  0.292160	    -0.155	     0.059	     0.036	     0.170
  0.295480	    -0.146	     0.028	     0.053	     0.158
  0.298800	    -0.129	     0.047	     0.078	     0.158
  0.302120	    -0.145	     0.058	     0.068	     0.170
  0.305440	    -0.152	     0.068	     0.058	     0.176
  0.308760	    -0.184	     0.031	     0.055	     0.195
  0.312080	    -0.166	     0.036	     0.058	     0.179
  0.315400	    -0.112	     0.030	     0.061	     0.131
  0.318720	    -0.124	     0.046	     0.074	     0.152
  0.322040	    -0.131	     0.052	     0.086	     0.165
  0.325360	    -0.136	     0.043	     0.034	     0.147
  0.328680	    -0.139	     0.061	     0.047	     0.159
  0.332000	    -0.136	     0.068	     0.047	     0.159
  0.335320	    -0.139	     0.046	     0.052	     0.155
  0.338640	    -0.147	     0.049	     0.053	     0.164
  0.341960	    -0.115	     0.052	     0.072	     0.145
  0.345280	    -0.138	     0.068	     0.058	     0.164
  0.348600	    -0.142	     0.063	     0.046	     0.162
  0.351920	    -0.156	     0.045	     0.067	     0.176
  0.355240	    -0.150	     0.039	     0.064	     0.168
  0.358560	    -0.167	     0.040	     0.054	     0.180
  0.361880	    -0.159	     0.067	     0.061	     0.183
  0.365200	    -0.115	     0.056	     0.059	     0.141
  0.368520	    -0.143	     0.042	     0.047	     0.156
  0.371840	    -0.165	     0.059	     0.062	     0.186
  0.375160	    -0.132	     0.046	     0.049	     0.148
  0.378480	    -0.133	     0.039	     0.047	     0.146
  0.381800	    -0.124	     0.054	     0.062	     0.149
  0.385120	    -0.137	     0.039	     0.063	     0.156
  0.388440	    -0.141	     0.028	     0.044	     0.150
  0.391760	    -0.157	     0.050	     0.048	     0.172
  0.395080	    -0.160	     0.054	     0.012	     0.169
  0.398400	    -0.151	     0.039	     0.055	     0.165
  0.401720	    -0.146	     0.039	     0.049	     0.159
  0.405040	    -0.140	     0.044	     0.059	     0.158
  0.408360	    -0.166	     0.037	     0.036	     0.174
  0.411680	    -0.143	     0.054	     0.068	     0.167
  0.415000	    -0.162	     0.070	     0.065	     0.188
  0.418320	    -0.119	     0.030	     0.050	     0.133
  0.421640	    -0.128	     0.045	     0.061	     0.149
  0.424960	    -0.130	     0.057	     0.028	     0.145
  0.428280	    -0.124	     0.071	     0.060	     0.155
  0.431600	    -0.123	     0.035	     0.051	     0.138
  0.434920	    -0.127	     0.060	     0.054	     0.150
  0.438240	    -0.124	     0.032	     0.041	     0.134
  0.441560	    -0.125	     0.037	     0.040	     0.136
  0.444880	    -0.106	     0.047	     0.061	     0.131
  0.448200	    -0.144	     0.052	     0.068	     0.168
  0.451520	    -0.136	     0.045	     0.051	     0.152
  0.454840	    -0.108	     0.039	     0.069	     0.134
  0.458160	    -0.118	     0.038	     0.066	     0.140
  0.461480	    -0.137	     0.052	     0.042	     0.152
  0.464800	    -0.139	     0.059	     0.066	     0.165
  0.468120	    -0.147	     0.035	     0.037	     0.156
  0.471440	    -0.119	     0.055	     0.032	     0.135
  0.474760	    -0.154	     0.054	     0.052	     0.171
  0.478080	    -0.120	     0.045	     0.073	     0.147
  0.481400	    -0.140	     0.000	     0.046	     0.147
  0.484720	    -0.110	     0.055	     0.038	     0.129
  0.488040	    -0.132	     0.048	     0.054	     0.150
  0.491360	    -0.134	     0.021	     0.074	     0.155
  0.494680	    -0.125	     0.025	     0.063	     0.142
  0.498000	    -0.128	     0.030	     0.069	     0.148
  0.501320	    -0.133	     0.071	     0.070	     0.166
  0.504640	    -0.127	     0.049	     0.073	     0.154
  0.507960	    -0.133	     0.034	     0.047	     0.145
  0.511280	    -0.162	     0.047	     0.078	     0.186
  0.514600	    -0.133	     0.042	     0.049	     0.148
  0.517920	    -0.122	     0.052	     0.065	     0.148
  0.521240	    -0.139	     0.019	     0.066	     0.155
  0.524560	    -0.141	     0.032	     0.047	     0.152
  0.527880	    -0.124	     0.054	     0.052	     0.145
  0.531200	    -0.139	     0.046	     0.047	     0.154
  0.534520	    -0.122	     0.043	     0.058	     0.142
  0.537840	    -0.131	     0.061	     0.044	     0.151
  0.541160	    -0.136	     0.063	     0.065	     0.163
  0.544480	    -0.131	     0.046	     0.064	     0.153
  0.547800	    -0.127	     0.066	     0.065	     0.157
  0.551120	    -0.134	     0.030	     0.076	     0.157
  0.554440	    -0.110	     0.041	     0.060	     0.132
  0.557760	    -0.132	     0.063	     0.050	     0.155
  0.561080	    -0.140	     0.047	     0.073	     0.165
  0.564400	    -0.120	     0.057	     0.083	     0.157
  0.567720	    -0.146	     0.050	     0.053	     0.163
  0.571040	    -0.134	     0.031	     0.097	     0.168
  0.574360	    -0.103	     0.047	     0.053	     0.125
  0.577680	    -0.151	     0.035	     0.068	     0.169
  0.581000	    -0.138	     0.055	     0.064	     0.162
  0.584320	    -0.130	     0.050	     0.069	     0.155
  0.587640	    -0.149	     0.048	     0.060	     0.168
  0.590960	    -0.133	     0.052	     0.064	     0.156
  0.594280	    -0.149	     0.051	     0.071	     0.173
  0.597600	    -0.172	     0.066	     0.071	     0.197
  0.600920	    -0.146	     0.034	     0.046	     0.157
  0.604240	    -0.147	     0.046	     0.041	     0.159
  0.607560	    -0.131	     0.064	     0.042	     0.152
  0.610880	    -0.156	     0.067	     0.069	     0.183
  0.614200	    -0.132	     0.068	     0.065	     0.162
  0.617520	    -0.139	     0.068	     0.042	     0.160
  0.620840	    -0.162	     0.044	     0.044	     0.174
  0.624160	    -0.125	     0.061	     0.037	     0.144
  0.627480	    -0.139	     0.055	     0.052	     0.158
  0.630800	    -0.155	     0.046	     0.036	     0.166
  0.634120	    -0.146	     0.025	     0.051	     0.157
  0.637440	    -0.151	     0.037	     0.033	     0.159
  0.640760	    -0.134	     0.047	     0.059	     0.154
  0.644080	    -0.164	     0.054	     0.048	     0.179
  0.647400	    -0.134	     0.057	     0.038	     0.150
  0.650720	    -0.127	     0.050	     0.065	     0.151
  0.654040	    -0.138	     0.033	     0.058	     0.153
  0.657360	    -0.152	     0.057	     0.061	     0.173
  0.660680	    -0.142	     0.040	     0.061	     0.160
  0.664000	    -0.183	     0.041	     0.039	     0.192
  0.667320	    -0.144	     0.046	     0.053	     0.160
  0.670640	    -0.154	     0.061	     0.068	     0.179
  0.673960	    -0.161	     0.039	     0.069	     0.179
  0.677280	    -0.146	     0.065	     0.029	     0.162
  0.680600	    -0.134	     0.050	     0.044	     0.150
  0.683920	    -0.147	     0.026	     0.048	     0.157
  0.687240	    -0.159	     0.052	     0.069	     0.181
  0.690560	    -0.127	     0.045	     0.051	     0.144
  0.693880	    -0.130	     0.061	     0.059	     0.155
  0.697200	    -0.131	     0.045	     0.051	     0.148
  0.700520	    -0.152	     0.053	     0.067	     0.174
  0.703840	    -0.137	     0.055	     0.042	     0.153
  0.707160	    -0.125	     0.050	     0.048	     0.143
  0.710480	    -0.119	     0.046	     0.074	     0.147
  0.713800	    -0.125	     0.078	     0.026	     0.150
  0.717120	    -0.133	     0.055	     0.059	     0.156
  0.720440	    -0.136	     0.044	     0.072	     0.160
  0.723760	    -0.139	     0.043	     0.037	     0.150
  0.727080	    -0.131	     0.061	     0.043	     0.151
  0.730400	    -0.123	     0.060	     0.064	     0.151
  0.733720	    -0.144	     0.044	     0.041	     0.156
  0.737040	    -0.118	     0.068	     0.061	     0.149
  0.740360	    -0.127	     0.044	     0.047	     0.142
  0.743680	    -0.147	     0.050	     0.088	     0.178
  0.747000	    -0.132	     0.053	     0.040	     0.148
  0.750320	    -0.157	     0.074	     0.065	     0.185
  0.753640	    -0.144	     0.038	     0.083	     0.170
  0.756960	    -0.164	     0.066	     0.035	     0.180
  0.760280	    -0.167	     0.038	     0.069	     0.185
  0.763600	    -0.142	     0.038	     0.044	     0.153
  0.766920	    -0.148	     0.032	     0.059	     0.163
  0.770240	    -0.152	     0.067	     0.045	     0.172
  0.773560	    -0.136	     0.047	     0.038	     0.149
  0.776880	    -0.142	     0.052	     0.068	     0.166
  0.780200	    -0.150	     0.046	     0.063	     0.169
  0.783520	    -0.151	     0.038	     0.087	     0.178
  0.786840	    -0.146	     0.048	     0.043	     0.160
  0.790160	    -0.124	     0.052	     0.064	     0.149
  0.793480	    -0.135	     0.035	     0.071	     0.156
  0.796800	    -0.166	     0.049	     0.046	     0.179
  0.800120	    -0.135	     0.053	     0.056	     0.155
  0.803440	    -0.134	     0.043	     0.075	     0.159
  0.806760	    -0.148	     0.042	     0.047	     0.161
  0.810080	    -0.154	     0.058	     0.057	     0.174
  0.813400	    -0.147	     0.043	     0.056	     0.163
  0.816720	    -0.139	     0.061	     0.051	     0.160
  0.820040	    -0.119	     0.041	     0.065	     0.142
  0.823360	    -0.147	     0.057	     0.047	     0.165
  0.826680	    -0.114	     0.049	     0.070	     0.142
  0.830000	    -0.128	     0.054	     0.044	     0.146
  0.833320	    -0.136	     0.065	     0.034	     0.155
  0.836640	    -0.127	     0.045	     0.056	     0.146
  0.839960	    -0.141	     0.063	     0.064	     0.167
  0.843280	    -0.147	     0.045	     0.067	     0.168
  0.846600	    -0.121	     0.044	     0.044	     0.136
  0.849920	    -0.132	     0.032	     0.039	     0.141
  0.853240	    -0.165	     0.068	     0.069	     0.191
  0.856560	    -0.127	     0.033	     0.055	     0.142
  0.859880	    -0.143	     0.050	     0.062	     0.164
  0.863200	    -0.148	     0.039	     0.055	     0.163
  0.866520	    -0.168	     0.021	     0.062	     0.180
  0.869840	    -0.129	     0.063	     0.049	     0.152
  0.873160	    -0.109	     0.050	     0.065	     0.136
  0.876480	    -0.132	     0.061	     0.093	     0.173
  0.879800	    -0.151	     0.021	     0.051	     0.161
  0.883120	    -0.155	     0.025	     0.036	     0.161
  0.886440	    -0.112	     0.055	     0.064	     0.140
  0.889760	    -0.126	     0.038	     0.055	     0.143
  0.893080	    -0.119	     0.053	     0.053	     0.141
  0.896400	    -0.124	     0.066	     0.059	     0.152
  0.899720	    -0.145	     0.049	     0.022	     0.155
  0.903040	    -0.130	     0.061	     0.070	     0.160
  0.906360	    -0.122	     0.037	     0.084	     0.153
  0.909680	    -0.139	     0.062	     0.083	     0.173
  0.913000	    -0.134	     0.032	     0.053	     0.148
  0.916320	    -0.142	     0.054	     0.062	     0.164
  0.919640	    -0.129	     0.036	     0.071	     0.152
  0.922960	    -0.126	     0.045	     0.073	     0.152
  0.926280	    -0.135	     0.045	     0.075	     0.161
  0.929600	    -0.128	     0.085	     0.078	     0.172
  0.932920	    -0.162	     0.071	     0.046	     0.183
  0.936240	    -0.144	     0.043	     0.065	     0.164
  0.939560	    -0.132	     0.081	     0.059	     0.166
  0.942880	    -0.122	     0.048	     0.047	     0.139
  0.946200	    -0.121	     0.083	     0.056	     0.157
  0.949520	    -0.120	     0.036	     0.055	     0.137
  0.952840	    -0.097	     0.073	     0.051	     0.132
  0.956160	    -0.149	     0.051	     0.041	     0.163
  0.959480	    -0.157	     0.066	     0.040	     0.175
  0.962800	    -0.128	     0.065	     0.041	     0.149
  0.966120	    -0.138	     0.052	     0.053	     0.157
  0.969440	    -0.131	     0.049	     0.049	     0.148
  0.972760	    -0.115	     0.049	     0.058	     0.138
  0.976080	    -0.146	     0.043	     0.065	     0.165
  0.979400	    -0.157	     0.056	     0.058	     0.176
  0.982720	    -0.125	     0.059	     0.072	     0.156
  0.986040	    -0.132	     0.027	     0.053	     0.145
  0.989360	    -0.131	     0.053	     0.062	     0.154
  0.992680	    -0.172	     0.045	     0.087	     0.198
  0.996000	    -0.127	     0.040	     0.058	     0.145
  0.999320	    -0.129	     0.030	     0.064	     0.147
  1.002640	    -0.102	     0.059	     0.019	     0.119
  1.005960	    -0.128	     0.045	     0.063	     0.150
  1.009280	    -0.122	     0.056	     0.074	     0.153
  1.012600	    -0.085	     0.015	     0.065	     0.108
  1.015920	    -0.132	     0.039	     0.074	     0.156
  1.019240	    -0.138	     0.065	     0.058	     0.163
  1.022560	    -0.122	     0.066	     0.071	     0.156
  1.025880	    -0.120	     0.053	     0.055	     0.142
  1.029200	    -0.097	     0.079	     0.070	     0.143
  1.032520	    -0.106	     0.048	     0.061	     0.131
  1.035840	    -0.119	     0.019	     0.065	     0.137
  1.039160	    -0.133	     0.049	     0.037	     0.146
  1.042480	    -0.134	     0.039	     0.067	     0.155
  1.045800	    -0.137	     0.062	     0.049	     0.158
  1.049120	    -0.131	     0.043	     0.052	     0.147
  1.052440	    -0.109	     0.050	     0.064	     0.136
  1.055760	    -0.120	     0.061	     0.057	     0.146
  1.059080	    -0.122	     0.065	     0.063	     0.152
  1.062400	    -0.122	     0.057	     0.050	     0.144
  1.065720	    -0.106	     0.037	     0.071	     0.133
  1.069040	    -0.119	     0.050	     0.056	     0.141
  1.072360	    -0.113	     0.042	     0.068	     0.138
  1.075680	    -0.125	     0.044	     0.084	     0.157
  1.079000	    -0.124	     0.059	     0.072	     0.155
  1.082320	    -0.171	     0.044	     0.072	     0.191
  1.085640	    -0.122	     0.058	     0.046	     0.143
  1.088960	    -0.115	     0.050	     0.037	     0.131
  1.092280	    -0.119	     0.057	     0.040	     0.138
  1.095600	    -0.131	     0.056	     0.029	     0.145
  1.098920	    -0.113	     0.057	     0.064	     0.142
  1.102240	    -0.167	     0.031	     0.062	     0.181
  1.105560	    -0.110	     0.030	     0.085	     0.142
  1.108880	    -0.111	     0.059	     0.049	     0.135
  1.112200	    -0.148	     0.068	     0.055	     0.172
  1.115520	    -0.127	     0.064	     0.072	     0.159
  1.118840	    -0.132	     0.041	     0.023	     0.140
  1.122160	    -0.145	     0.032	     0.073	     0.165
  1.125480	    -0.136	     0.064	     0.053	     0.159
  1.128800	    -0.130	     0.052	     0.082	     0.162
  1.132120	    -0.110	     0.029	     0.042	     0.121
  1.135440	    -0.144	     0.046	     0.063	     0.164
  1.138760	    -0.159	     0.032	     0.048	     0.169
  1.142080	    -0.145	     0.071	     0.048	     0.168
  1.145400	    -0.117	     0.050	     0.068	     0.144
  1.148720	    -0.118	     0.048	     0.047	     0.136
  1.152040	    -0.137	     0.028	     0.055	     0.150
  1.155360	    -0.115	     0.035	     0.056	     0.133
  1.158680	    -0.126	     0.060	     0.047	     0.147
  1.162000	    -0.123	     0.025	     0.046	     0.134
  1.165320	    -0.152	     0.054	     0.046	     0.168
  1.168640	    -0.132	     0.015	     0.084	     0.157
  1.171960	    -0.127	     0.055	     0.068	     0.154
  1.175280	    -0.102	     0.054	     0.062	     0.131
  1.178600	    -0.139	     0.044	     0.065	     0.160
  1.181920	    -0.136	     0.010	     0.050	     0.145
  1.185240	    -0.129	     0.059	     0.067	     0.157
  1.188560	    -0.120	     0.045	     0.052	     0.138
  1.191880	    -0.116	     0.045	     0.069	     0.142
  1.195200	    -0.132	     0.044	     0.052	     0.149
  1.198520	    -0.149	     0.052	     0.059	     0.168
  1.201840	    -0.151	     0.038	     0.066	     0.169
  1.205160	    -0.140	     0.056	     0.069	     0.166
  1.208480	    -0.149	     0.029	     0.053	     0.161
  1.211800	    -0.129	     0.066	     0.043	     0.151
  1.215120	    -0.151	     0.074	     0.052	     0.176
  1.218440	    -0.112	     0.046	     0.045	     0.129
  1.221760	    -0.152	     0.068	     0.059	     0.177
  1.225080	    -0.109	     0.045	     0.072	     0.138
  1.228400	    -0.133	     0.052	     0.059	     0.155
  1.231720	    -0.137	     0.035	     0.083	     0.164
  1.235040	    -0.133	     0.069	     0.061	     0.162
  1.238360	    -0.128	     0.037	     0.044	     0.140
  1.241680	    -0.117	     0.053	     0.071	     0.147
  1.245000	    -0.145	     0.045	     0.062	     0.164
  1.248320	    -0.132	     0.046	     0.059	     0.152
  1.251640	    -0.149	     0.041	     0.050	     0.162
  1.254960	    -0.125	     0.059	     0.046	     0.146
  1.258280	    -0.120	     0.050	     0.056	     0.142
  1.261600	    -0.127	     0.039	     0.059	     0.145
  1.264920	    -0.144	     0.054	     0.048	     0.161
  1.268240	    -0.124	     0.039	     0.048	     0.139
  1.271560	    -0.125	     0.035	     0.057	     0.142
  1.274880	    -0.104	     0.057	     0.065	     0.135
  1.278200	    -0.103	     0.041	     0.058	     0.125
  1.281520	    -0.125	     0.044	     0.068	     0.149
  1.284840	    -0.108	     0.070	     0.062	     0.143
  1.288160	    -0.090	     0.028	     0.061	     0.112
  1.291480	    -0.132	     0.032	     0.075	     0.155
  1.294800	    -0.134	     0.031	     0.072	     0.155
  1.298120	    -0.122	     0.034	     0.056	     0.138
  1.301440	    -0.087	     0.047	     0.056	     0.114
  1.304760	    -0.132	     0.054	     0.059	     0.154
  1.308080	    -0.135	     0.050	     0.053	     0.153
  1.311400	    -0.110	     0.037	     0.043	     0.124
  1.314720	    -0.146	     0.041	     0.043	     0.158
  1.318040	    -0.107	     0.037	     0.044	     0.121
  1.321360	    -0.115	     0.045	     0.068	     0.141
  1.324680	    -0.145	     0.055	     0.064	     0.168
  1.328000	    -0.129	     0.029	     0.074	     0.152
  1.331320	    -0.161	     0.054	     0.071	     0.184
  1.334640	    -0.152	     0.057	     0.066	     0.175
  1.337960	    -0.132	     0.065	     0.035	     0.151
  1.341280	    -0.149	     0.052	     0.078	     0.176
  1.344600	    -0.149	     0.056	     0.074	     0.176
  1.347920	    -0.130	     0.054	     0.061	     0.153
  1.351240	    -0.142	     0.080	     0.066	     0.176
  1.354560	    -0.167	     0.033	     0.075	     0.186
  1.357880	    -0.125	     0.065	     0.045	     0.148
  1.361200	    -0.115	     0.042	     0.059	     0.136
  1.364520	    -0.122	     0.051	     0.062	     0.146
  1.367840	    -0.132	     0.045	     0.065	     0.154
  1.371160	    -0.146	     0.037	     0.069	     0.166
  1.374480	    -0.127	     0.034	     0.069	     0.148
  1.377800	    -0.131	     0.065	     0.063	     0.159
  1.381120	    -0.145	     0.028	     0.055	     0.158
  1.384440	    -0.145	     0.070	     0.062	     0.173
  1.387760	    -0.133	     0.034	     0.068	     0.153
  1.391080	    -0.120	     0.040	     0.064	     0.142
  1.394400	    -0.156	     0.029	     0.050	     0.166
  1.397720	    -0.139	     0.030	     0.038	     0.147
  1.401040	    -0.133	     0.033	     0.045	     0.144
  1.404360	    -0.136	     0.021	     0.055	     0.148
  1.407680	    -0.146	     0.041	     0.052	     0.160
  1.411000	    -0.164	     0.045	     0.068	     0.183
  1.414320	    -0.137	     0.048	     0.060	     0.157
  1.417640	    -0.119	     0.059	     0.088	     0.159
  1.420960	    -0.147	     0.031	     0.067	     0.164
  1.424280	    -0.127	     0.066	     0.055	     0.153
  1.427600	    -0.136	     0.073	     0.062	     0.166
  1.430920	    -0.148	     0.049	     0.053	     0.165
  1.434240	    -0.136	     0.075	     0.067	     0.169
  1.437560	    -0.142	     0.072	     0.064	     0.172
  1.440880	    -0.136	     0.043	     0.038	     0.148
  1.444200	    -0.144	     0.029	     0.062	     0.159
  1.447520	    -0.134	     0.051	     0.069	     0.159
  1.450840	    -0.124	     0.046	     0.047	     0.140
  1.454160	    -0.157	     0.043	     0.068	     0.176
  1.457480	    -0.165	     0.048	     0.066	     0.184
  1.460800	    -0.142	     0.026	     0.069	     0.160
  1.464120	    -0.178	     0.045	     0.061	     0.193
  1.467440	    -0.132	     0.050	     0.074	     0.159
  1.470760	    -0.152	     0.053	     0.055	     0.170
  1.474080	    -0.135	     0.041	     0.043	     0.147
  1.477400	    -0.146	     0.063	     0.055	     0.168
  1.480720	    -0.119	     0.080	     0.057	     0.154
  1.484040	    -0.110	     0.052	     0.062	     0.137
  1.487360	    -0.122	     0.057	     0.077	     0.155
  1.490680	    -0.122	     0.046	     0.070	     0.148
  1.494000	    -0.113	     0.059	     0.027	     0.130
  1.497320	    -0.142	     0.045	     0.058	     0.160
  1.500640	    -0.132	     0.047	     0.054	     0.150
  1.503960	    -0.125	     0.019	     0.052	     0.137
  1.507280	    -0.155	     0.035	     0.049	     0.166
  1.510600	    -0.124	     0.057	     0.038	     0.142
  1.513920	    -0.143	     0.046	     0.022	     0.152
  1.517240	    -0.137	     0.032	     0.051	     0.150
  1.520560	    -0.143	     0.043	     0.061	     0.161
  1.523880	    -0.149	     0.040	     0.068	     0.169
  1.527200	    -0.124	     0.063	     0.068	     0.155
  1.530520	    -0.133	     0.048	     0.055	     0.152
  1.533840	    -0.125	     0.042	     0.065	     0.147
  1.537160	    -0.158	     0.061	     0.046	     0.176
  1.540480	    -0.141	     0.042	     0.047	     0.154
  1.543800	    -0.110	     0.041	     0.079	     0.141
  1.547120	    -0.152	     0.012	     0.051	     0.161
  1.550440	    -0.166	     0.074	     0.061	     0.192
  1.553760	    -0.135	     0.054	     0.062	     0.158
  1.557080	    -0.143	     0.065	     0.062	     0.169
  1.560400	    -0.156	     0.028	     0.083	     0.179
  1.563720	    -0.144	     0.063	     0.067	     0.171
  1.567040	    -0.145	     0.044	     0.055	     0.161
  1.570360	    -0.167	     0.046	     0.046	     0.179
  1.573680	    -0.143	     0.045	     0.061	     0.162
  1.577000	    -0.129	     0.045	     0.053	     0.147
  1.580320	    -0.129	     0.053	     0.069	     0.156
  1.583640	    -0.142	     0.066	     0.073	     0.173
  1.586960	    -0.161	     0.023	     0.066	     0.176
  1.590280	    -0.176	     0.065	     0.055	     0.196
  1.593600	    -0.129	     0.063	     0.080	     0.164
  1.596920	    -0.135	     0.037	     0.049	     0.148
  1.600240	    -0.124	     0.061	     0.052	     0.148
  1.603560	    -0.117	     0.066	     0.065	     0.149
  1.606880	    -0.132	     0.044	     0.047	     0.147
  1.610200	    -0.119	     0.023	     0.067	     0.138
  1.613520	    -0.156	     0.045	     0.077	     0.180
  1.616840	    -0.144	     0.046	     0.078	     0.170
  1.620160	    -0.102	     0.068	     0.079	     0.146
  1.623480	    -0.110	     0.063	     0.054	     0.138
  1.626800	    -0.143	     0.055	     0.080	     0.173
  1.630120	    -0.149	     0.048	     0.051	     0.165
  1.633440	    -0.149	     0.034	     0.061	     0.165
  1.636760	    -0.153	     0.031	     0.056	     0.166
  1.640080	    -0.129	     0.060	     0.040	     0.148
  1.643400	    -0.136	     0.061	     0.043	     0.155
  1.646720	    -0.141	     0.036	     0.053	     0.155
  1.650040	    -0.131	     0.047	     0.088	     0.165
  1.653360	    -0.130	     0.055	     0.049	     0.149
  1.656680	    -0.141	     0.056	     0.052	     0.160
  1.660000	    -0.129	     0.041	     0.063	     0.149
  1.663320	    -0.146	     0.054	     0.074	     0.172
  1.666640	    -0.151	     0.052	     0.024	     0.161
  1.669960	    -0.157	     0.039	     0.056	     0.171
  1.673280	    -0.124	     0.072	     0.069	     0.159
  1.676600	    -0.124	     0.054	     0.050	     0.144
  1.679920	    -0.137	     0.041	     0.059	     0.155
  1.683240	    -0.136	     0.069	     0.061	     0.164
  1.686560	    -0.144	     0.043	     0.061	     0.162
  1.689880	    -0.170	     0.021	     0.064	     0.183
  1.693200	    -0.156	     0.019	     0.079	     0.176
  1.696520	    -0.161	     0.036	     0.073	     0.180
  1.699840	    -0.117	     0.041	     0.067	     0.141
  1.703160	    -0.146	     0.079	     0.039	     0.171
  1.706480	    -0.141	     0.039	     0.040	     0.152
  1.709800	    -0.132	     0.059	     0.054	     0.154
  1.713120	    -0.176	     0.054	     0.055	     0.192
  1.716440	    -0.150	     0.059	     0.044	     0.167
  1.719760	    -0.139	     0.033	     0.049	     0.151
  1.723080	    -0.131	     0.048	     0.057	     0.151
  1.726400	    -0.130	     0.077	     0.055	     0.161
  1.729720	    -0.148	     0.065	     0.070	     0.176
  1.733040	    -0.137	     0.059	     0.065	     0.163
  1.736360	    -0.118	     0.050	     0.030	     0.132
  1.739680	    -0.159	     0.046	     0.046	     0.172
  1.743000	    -0.136	     0.036	     0.060	     0.153
  1.746320	    -0.136	     0.032	     0.059	     0.152
  1.749640	    -0.159	     0.052	     0.074	     0.183
  1.752960	    -0.131	     0.029	     0.071	     0.152
  1.756280	    -0.137	     0.053	     0.047	     0.154
  1.759600	    -0.114	     0.076	     0.056	     0.148
  1.762920	    -0.131	     0.059	     0.057	     0.155
  1.766240	    -0.143	     0.052	     0.041	     0.158
  1.769560	    -0.132	     0.030	     0.049	     0.144
  1.772880	    -0.157	     0.045	     0.055	     0.172
  1.776200	    -0.144	     0.057	     0.049	     0.162
  1.779520	    -0.149	     0.077	     0.062	     0.179
  1.782840	    -0.154	     0.056	     0.034	     0.167
  1.786160	    -0.164	     0.021	     0.054	     0.174
  1.789480	    -0.138	     0.076	     0.028	     0.160
  1.792800	    -0.132	     0.027	     0.028	     0.138
  1.796120	    -0.146	     0.039	     0.022	     0.153
  1.799440	    -0.156	     0.043	     0.039	     0.166
  1.802760	    -0.125	     0.068	     0.039	     0.148
  1.806080	    -0.121	     0.054	     0.074	     0.152
  1.809400	    -0.144	     0.022	     0.075	     0.164
  1.812720	    -0.154	     0.052	     0.048	     0.169
  1.816040	    -0.131	     0.032	     0.053	     0.145
  1.819360	    -0.149	     0.041	     0.078	     0.173
  1.822680	    -0.174	     0.041	     0.045	     0.184
  1.826000	    -0.123	     0.032	     0.067	     0.144
  1.829320	    -0.160	     0.051	     0.056	     0.177
  1.832640	    -0.127	     0.054	     0.072	     0.156
  1.835960	    -0.145	     0.062	     0.056	     0.167
  1.839280	    -0.159	     0.052	     0.072	     0.182
  1.842600	    -0.133	     0.039	     0.053	     0.148
  1.845920	    -0.122	     0.039	     0.067	     0.145
  1.849240	    -0.149	     0.045	     0.061	     0.167
  1.852560	    -0.133	     0.039	     0.063	     0.152
  1.855880	    -0.172	     0.068	     0.062	     0.195
  1.859200	    -0.117	     0.048	     0.075	     0.147
  1.862520	    -0.134	     0.037	     0.037	     0.144
  1.865840	    -0.151	     0.035	     0.046	     0.162
  1.869160	    -0.140	     0.037	     0.051	     0.154
  1.872480	    -0.151	     0.026	     0.061	     0.165
  1.875800	    -0.137	     0.056	     0.053	     0.157
  1.879120	    -0.158	     0.052	     0.061	     0.177
  1.882440	    -0.150	     0.054	     0.063	     0.171
  1.885760	    -0.139	     0.026	     0.046	     0.149
  1.889080	    -0.125	     0.034	     0.069	     0.147
  1.892400	    -0.160	     0.028	     0.059	     0.173
  1.895720	    -0.152	     0.021	     0.090	     0.178
  1.899040	    -0.128	     0.045	     0.057	     0.147
  1.902360	    -0.147	     0.052	     0.069	     0.171
  1.905680	    -0.164	     0.054	     0.073	     0.187
  1.909000	    -0.136	     0.050	     0.084	     0.167
  1.912320	    -0.157	     0.030	     0.064	     0.172
  1.915640	    -0.136	     0.046	     0.072	     0.161
  1.918960	    -0.153	     0.055	     0.040	     0.167
  1.922280	    -0.131	     0.053	     0.091	     0.168
  1.925600	    -0.147	     0.024	     0.058	     0.160
  1.928920	    -0.157	     0.030	     0.040	     0.165
  1.932240	    -0.154	     0.037	     0.076	     0.176
  1.935560	    -0.161	     0.032	     0.063	     0.176
  1.938880	    -0.151	     0.056	     0.043	     0.167
  1.942200	    -0.168	     0.029	     0.062	     0.181
  1.945520	    -0.147	     0.017	     0.044	     0.154
  1.948840	    -0.152	     0.070	     0.040	     0.172
  1.952160	    -0.168	     0.031	     0.080	     0.189
  1.955480	    -0.144	     0.043	     0.045	     0.157
  1.958800	    -0.156	     0.065	     0.048	     0.176
  1.962120	    -0.147	     0.061	     0.067	     0.173
  1.965440	    -0.129	     0.047	     0.076	     0.157
  1.968760	    -0.147	     0.042	     0.052	     0.161
  1.972080	    -0.139	     0.065	     0.049	     0.161
  1.975400	    -0.159	     0.039	     0.038	     0.168
  1.978720	    -0.146	     0.034	     0.061	     0.162
  1.982040	    -0.129	     0.062	     0.028	     0.146
  1.985360	    -0.140	     0.038	     0.053	     0.154
  1.988680	    -0.137	     0.048	     0.049	     0.153
  1.992000	    -0.165	     0.056	     0.073	     0.189
  1.995320	    -0.130	     0.065	     0.071	     0.162
  1.998640	    -0.146	     0.052	     0.068	     0.169
  2.001960	    -0.125	     0.028	     0.041	     0.134
  2.005280	    -0.142	     0.070	     0.056	     0.168
  2.008600	    -0.139	     0.036	     0.054	     0.153
  2.011920	    -0.137	     0.073	     0.025	     0.157
  2.015240	    -0.164	     0.051	     0.059	     0.182
  2.018560	    -0.152	     0.055	     0.029	     0.164
  2.021880	    -0.142	     0.055	     0.050	     0.160
  2.025200	    -0.146	     0.026	     0.032	     0.152
  2.028520	    -0.121	     0.030	     0.086	     0.151
  2.031840	    -0.160	     0.028	     0.032	     0.166
  2.035160	    -0.149	     0.030	     0.043	     0.158
  2.038480	    -0.158	     0.063	     0.061	     0.181
  2.041800	    -0.154	     0.024	     0.034	     0.160
  2.045120	    -0.146	     0.041	     0.056	     0.162
  2.048440	    -0.129	     0.028	     0.041	     0.138
  2.051760	    -0.153	     0.021	     0.056	     0.164
  2.055080	    -0.150	     0.036	     0.045	     0.161
  2.058400	    -0.134	     0.044	     0.036	     0.146
  2.061720	    -0.116	     0.032	     0.026	     0.123
  2.065040	    -0.110	     0.030	     0.032	     0.118
  2.068360	    -0.128	     0.049	     0.055	     0.148
  2.071680	    -0.129	     0.052	     0.053	     0.149
  2.075000	    -0.125	     0.036	     0.064	     0.145
  2.078320	    -0.114	     0.062	     0.062	     0.144
  2.081640	    -0.123	     0.050	     0.049	     0.142
  2.084960	    -0.131	     0.046	     0.049	     0.147
  2.088280	    -0.120	     0.050	     0.040	     0.136
  2.091600	    -0.118	     0.040	     0.060	     0.138
  2.094920	    -0.142	     0.047	     0.042	     0.155
  2.098240	    -0.148	     0.041	     0.066	     0.167
  2.101560	    -0.151	     0.039	     0.065	     0.169
  2.104880	    -0.153	     0.028	     0.069	     0.170
  2.108200	    -0.139	     0.041	     0.037	     0.150
  2.111520	    -0.154	     0.042	     0.041	     0.165
  2.114840	    -0.172	     0.061	     0.059	     0.192
  2.118160	    -0.144	     0.063	     0.022	     0.159
  2.121480	    -0.127	     0.032	     0.046	     0.139
  2.124800	    -0.124	     0.055	     0.072	     0.154
  2.128120	    -0.161	     0.067	     0.052	     0.182
  2.131440	    -0.130	     0.030	     0.056	     0.145
  2.134760	    -0.139	     0.044	     0.042	     0.152
  2.138080	    -0.132	     0.035	     0.052	     0.146
  2.141400	    -0.126	     0.064	     0.043	     0.148
  2.144720	    -0.146	     0.014	     0.036	     0.151
  2.148040	    -0.152	     0.041	     0.044	     0.163
  2.151360	    -0.101	     0.041	     0.049	     0.120
  2.154680	    -0.128	     0.046	     0.034	     0.140
  2.158000	    -0.147	     0.035	     0.049	     0.159
  2.161320	    -0.122	     0.039	     0.067	     0.145
  2.164640	    -0.139	     0.057	     0.030	     0.153
  2.167960	    -0.133	     0.036	     0.037	     0.143
  2.171280	    -0.125	     0.030	     0.075	     0.149
  2.174600	    -0.137	     0.043	     0.048	     0.151
  2.177920	    -0.105	     0.066	     0.051	     0.134
  2.181240	    -0.127	     0.044	     0.054	     0.145
  2.184560	    -0.139	     0.057	     0.070	     0.166
  2.187880	    -0.115	     0.049	     0.073	     0.145
  2.191200	    -0.106	     0.062	     0.045	     0.131
  2.194520	    -0.132	     0.055	     0.063	     0.156
  2.197840	    -0.102	     0.017	     0.062	     0.121
  2.201160	    -0.157	     0.040	     0.063	     0.174
  2.204480	    -0.132	     0.044	     0.050	     0.148
  2.207800	    -0.122	     0.054	     0.072	     0.152
  2.211120	    -0.129	     0.026	     0.046	     0.139
  2.214440	    -0.137	     0.048	     0.049	     0.153
  2.217760	    -0.118	     0.043	     0.062	     0.140
  2.221080	    -0.124	     0.082	     0.068	     0.163
  2.224400	    -0.116	     0.049	     0.071	     0.145
  2.227720	    -0.156	     0.052	     0.079	     0.182
  2.231040	    -0.118	     0.036	     0.055	     0.135
  2.234360	    -0.114	     0.032	     0.063	     0.134
  2.237680	    -0.146	     0.074	     0.068	     0.177
  2.241000	    -0.150	     0.073	     0.086	     0.188
  2.244320	    -0.126	     0.026	     0.038	     0.134
  2.247640	    -0.132	     0.054	     0.049	     0.151
  2.250960	    -0.132	     0.028	     0.049	     0.144
  2.254280	    -0.135	     0.055	     0.041	     0.151
  2.257600	    -0.169	     0.064	     0.054	     0.189
  2.260920	    -0.149	     0.051	     0.040	     0.162
  2.264240	    -0.129	     0.041	     0.046	     0.143
  2.267560	    -0.141	     0.065	     0.055	     0.165
  2.270880	    -0.142	     0.060	     0.060	     0.165
  2.274200	    -0.165	     0.063	     0.086	     0.196
  2.277520	    -0.156	     0.043	     0.055	     0.171
  2.280840	    -0.133	     0.057	     0.055	     0.155
  2.284160	    -0.132	     0.041	     0.052	     0.148
  2.287480	    -0.133	     0.053	     0.050	     0.152
  2.290800	    -0.179	     0.028	     0.072	     0.195
  2.294120	    -0.118	     0.026	     0.043	     0.128
  2.297440	    -0.122	     0.069	     0.065	     0.154
  2.300760	    -0.141	     0.055	     0.063	     0.164
  2.304080	    -0.132	     0.058	     0.059	     0.156
  2.307400	    -0.143	     0.055	     0.075	     0.171
  2.310720	    -0.158	     0.045	     0.073	     0.180
  2.314040	    -0.139	     0.057	     0.044	     0.157
  2.317360	    -0.140	     0.043	     0.036	     0.151
  2.320680	    -0.131	     0.009	     0.062	     0.145
  2.324000	    -0.142	     0.044	     0.063	     0.161
  2.327320	    -0.133	     0.058	     0.059	     0.157
  2.330640	    -0.147	     0.079	     0.071	     0.181
  2.333960	    -0.108	     0.041	     0.051	     0.126
  2.337280	    -0.114	     0.034	     0.058	     0.132
  2.340600	    -0.145	     0.035	     0.036	     0.153
  2.343920	    -0.131	     0.061	     0.056	     0.155
  2.347240	    -0.117	     0.044	     0.050	     0.135
  2.350560	    -0.147	     0.045	     0.043	     0.160
  2.353880	    -0.137	     0.030	     0.058	     0.152
  2.357200	    -0.142	     0.057	     0.068	     0.167
  2.360520	    -0.154	     0.048	     0.046	     0.168
  2.363840	    -0.131	     0.055	     0.050	     0.151
  2.367160	    -0.160	     0.037	     0.044	     0.170
  2.370480	    -0.134	     0.032	     0.044	     0.145
  2.373800	    -0.141	     0.029	     0.047	     0.151
  2.377120	    -0.149	     0.049	     0.038	     0.161
  2.380440	    -0.152	     0.037	     0.056	     0.166
  2.383760	    -0.146	     0.054	     0.052	     0.164
  2.387080	    -0.125	     0.056	     0.079	     0.158
  2.390400	    -0.159	     0.054	     0.035	     0.172
  2.393720	    -0.141	     0.046	     0.063	     0.161
  2.397040	    -0.162	     0.036	     0.044	     0.172
  2.400360	    -0.133	     0.054	     0.066	     0.158
  2.403680	    -0.127	     0.052	     0.076	     0.157
  2.407000	    -0.146	     0.060	     0.071	     0.173
  2.410320	    -0.142	     0.061	     0.038	     0.159
  2.413640	    -0.099	     0.035	     0.046	     0.115
  2.416960	    -0.117	     0.053	     0.052	     0.139
  2.420280	    -0.129	     0.065	     0.090	     0.170
  2.423600	    -0.123	     0.048	     0.044	     0.139
  2.426920	    -0.164	     0.057	     0.074	     0.189
  2.430240	    -0.149	     0.028	     0.050	     0.160
  2.433560	    -0.139	     0.055	     0.061	     0.161
  2.436880	    -0.151	     0.051	     0.058	     0.170
  2.440200	    -0.137	     0.044	     0.050	     0.152
  2.443520	    -0.156	     0.048	     0.046	     0.170
  2.446840	    -0.152	     0.023	     0.055	     0.163
  2.450160	    -0.164	     0.041	     0.059	     0.179
  2.453480	    -0.120	     0.049	     0.051	     0.139
  2.456800	    -0.127	     0.061	     0.093	     0.169
  2.460120	    -0.146	     0.044	     0.058	     0.163
  2.463440	    -0.133	     0.056	     0.080	     0.165
  2.466760	    -0.136	     0.041	     0.068	     0.157
  2.470080	    -0.134	     0.048	     0.052	     0.152
  2.473400	    -0.140	     0.050	     0.081	     0.169
  2.476720	    -0.163	     0.055	     0.037	     0.176
  2.480040	    -0.162	     0.043	     0.059	     0.178
  2.483360	    -0.162	     0.034	     0.040	     0.170
  2.486680	    -0.153	     0.050	     0.033	     0.164
  2.490000	    -0.136	     0.050	     0.047	     0.152
  2.493320	    -0.166	     0.068	     0.054	     0.187
  2.496640	    -0.128	     0.026	     0.045	     0.138
  2.499960	    -0.154	     0.035	     0.059	     0.169
  2.503280	    -0.155	     0.045	     0.061	     0.173
  2.506600	    -0.160	     0.062	     0.036	     0.175
  2.509920	    -0.148	     0.046	     0.053	     0.164
  2.513240	    -0.152	     0.048	     0.072	     0.175
  2.516560	    -0.143	     0.034	     0.055	     0.157
  2.519880	    -0.150	     0.019	     0.072	     0.167
  2.523200	    -0.135	     0.041	     0.070	     0.157
  2.526520	    -0.136	     0.053	     0.077	     0.165
  2.529840	    -0.157	     0.079	     0.052	     0.183
  2.533160	    -0.142	     0.047	     0.045	     0.156
  2.536480	    -0.183	     0.019	     0.067	     0.196
  2.539800	    -0.141	     0.059	     0.065	     0.166
  2.543120	    -0.147	     0.057	     0.073	     0.174
  2.546440	    -0.149	     0.044	     0.055	     0.165
  2.549760	    -0.183	     0.056	     0.046	     0.197
  2.553080	    -0.156	     0.032	     0.069	     0.174
  2.556400	    -0.150	     0.036	     0.067	     0.168
  2.559720	    -0.151	     0.044	     0.044	     0.163
  2.563040	    -0.149	     0.053	     0.075	     0.175
  2.566360	    -0.132	     0.056	     0.039	     0.149
  2.569680	    -0.146	     0.036	     0.067	     0.165
  2.573000	    -0.137	     0.037	     0.044	     0.149
  2.576320	    -0.141	     0.061	     0.055	     0.163
  2.579640	    -0.117	     0.045	     0.067	     0.142
  2.582960	    -0.153	     0.044	     0.068	     0.173
  2.586280	    -0.169	     0.036	     0.044	     0.178
  2.589600	    -0.169	     0.066	     0.065	     0.193
  2.592920	    -0.151	     0.053	     0.064	     0.172
  2.596240	    -0.126	     0.041	     0.050	     0.142
  2.599560	    -0.155	     0.050	     0.067	     0.176
  2.602880	    -0.147	     0.052	     0.050	     0.164
  2.606200	    -0.154	     0.048	     0.052	     0.169
  2.609520	    -0.155	     0.054	     0.049	     0.171
  2.612840	    -0.141	     0.042	     0.055	     0.157
  2.616160	    -0.162	     0.068	     0.040	     0.180
  2.619480	    -0.131	     0.056	     0.067	     0.157
  2.622800	    -0.150	     0.052	     0.026	     0.161
  2.626120	    -0.130	     0.075	     0.029	     0.153
  2.629440	    -0.137	     0.041	     0.083	     0.165
  2.632760	    -0.143	     0.033	     0.051	     0.155
  2.636080	    -0.137	     0.034	     0.041	     0.147
  2.639400	    -0.128	     0.069	     0.044	     0.152
  2.642720	    -0.165	     0.056	     0.041	     0.179
  2.646040	    -0.152	     0.048	     0.062	     0.171
  2.649360	    -0.149	     0.049	     0.041	     0.162
  2.652680	    -0.137	     0.044	     0.062	     0.157
  2.656000	    -0.144	     0.063	     0.057	     0.167
  2.659320	    -0.108	     0.052	     0.069	     0.138
  2.662640	    -0.136	     0.041	     0.069	     0.158
  2.665960	    -0.144	     0.064	     0.080	     0.177
  2.669280	    -0.153	     0.028	     0.081	     0.175
  2.672600	    -0.130	     0.019	     0.055	     0.142
  2.675920	    -0.157	     0.074	     0.037	     0.177
  2.679240	    -0.136	     0.025	     0.072	     0.156
  2.682560	    -0.154	     0.068	     0.061	     0.179
  2.685880	    -0.133	     0.046	     0.065	     0.155
  2.689200	    -0.170	     0.038	     0.028	     0.176
  2.692520	    -0.140	     0.041	     0.056	     0.156
  2.695840	    -0.145	     0.056	     0.041	     0.161
  2.699160	    -0.151	     0.047	     0.064	     0.171
  2.702480	    -0.182	     0.039	     0.067	     0.198
  2.705800	    -0.149	     0.028	     0.041	     0.157
  2.709120	    -0.147	     0.032	     0.068	     0.165
  2.712440	    -0.132	     0.055	     0.065	     0.157
  2.715760	    -0.148	     0.029	     0.025	     0.153
  2.719080	    -0.139	     0.072	     0.066	     0.170
  2.722400	    -0.136	     0.041	     0.039	     0.147
  2.725720	    -0.131	     0.036	     0.058	     0.148
  2.729040	    -0.144	     0.033	     0.069	     0.163
  2.732360	    -0.152	     0.055	     0.049	     0.169
  2.735680	    -0.147	     0.039	     0.068	     0.167
  2.739000	    -0.159	     0.046	     0.080	     0.184
  2.742320	    -0.130	     0.050	     0.040	     0.145
  2.745640	    -0.164	     0.042	     0.082	     0.188
  2.748960	    -0.160	     0.050	     0.044	     0.173
  2.752280	    -0.167	     0.045	     0.059	     0.183
  2.755600	    -0.156	     0.060	     0.047	     0.174
  2.758920	    -0.176	     0.066	     0.069	     0.200
  2.762240	    -0.163	     0.030	     0.059	     0.176
  2.765560	    -0.144	     0.051	     0.059	     0.164
  2.768880	    -0.127	     0.052	     0.035	     0.142
  2.772200	    -0.125	     0.081	     0.027	     0.151
  2.775520	    -0.131	     0.032	     0.059	     0.147
  2.778840	    -0.131	     0.045	     0.056	     0.149
  2.782160	    -0.133	     0.031	     0.068	     0.153
  2.785480	    -0.175	     0.033	     0.079	     0.195
  2.788800	    -0.130	     0.034	     0.068	     0.151
  2.792120	    -0.145	     0.023	     0.056	     0.157
  2.795440	    -0.170	     0.019	     0.066	     0.183
  2.798760	    -0.139	     0.031	     0.049	     0.151
  2.802080	    -0.164	     0.010	     0.072	     0.179
  2.805400	    -0.147	     0.018	     0.056	     0.158
  2.808720	    -0.127	     0.052	     0.059	     0.149
  2.812040	    -0.152	     0.005	     0.081	     0.172
  2.815360	    -0.112	     0.025	     0.049	     0.125
  2.818680	    -0.135	     0.059	     0.062	     0.160
  2.822000	    -0.143	     0.048	     0.058	     0.162
  2.825320	    -0.135	     0.064	     0.073	     0.166
  2.828640	    -0.133	     0.074	     0.075	     0.170
  2.831960	    -0.121	     0.021	     0.045	     0.131
  2.835280	    -0.126	     0.061	     0.068	     0.156
  2.838600	    -0.130	     0.058	     0.058	     0.154
  2.841920	    -0.137	     0.055	     0.059	     0.159
  2.845240	    -0.137	     0.055	     0.072	     0.164
  2.848560	    -0.131	     0.028	     0.061	     0.147
  2.851880	    -0.148	     0.047	     0.067	     0.169
  2.855200	    -0.131	     0.059	     0.033	     0.147
  2.858520	    -0.102	     0.048	     0.077	     0.137
  2.861840	    -0.120	     0.061	     0.056	     0.146
  2.865160	    -0.148	     0.057	     0.052	     0.167
  2.868480	    -0.134	     0.033	     0.068	     0.154
  2.871800	    -0.165	     0.038	     0.073	     0.184
  2.875120	    -0.149	     0.039	     0.052	     0.163
  2.878440	    -0.162	     0.065	     0.070	     0.188
  2.881760	    -0.171	     0.039	     0.060	     0.185
  2.885080	    -0.120	     0.056	     0.074	     0.152
  2.888400	    -0.189	     0.046	     0.059	     0.203
  2.891720	    -0.124	     0.030	     0.069	     0.145
  2.895040	    -0.147	     0.014	     0.074	     0.165
  2.898360	    -0.162	     0.052	     0.089	     0.192
  2.901680	    -0.186	     0.045	     0.034	     0.194
  2.905000	    -0.137	     0.066	     0.067	     0.166
  2.908320	    -0.146	     0.045	     0.071	     0.168
  2.911640	    -0.147	     0.031	     0.068	     0.165
  2.914960	    -0.164	     0.045	     0.063	     0.181
  2.918280	    -0.150	     0.012	     0.083	     0.172
  2.921600	    -0.152	     0.045	     0.049	     0.166
  2.924920	    -0.139	     0.048	     0.054	     0.157
  2.928240	    -0.154	     0.055	     0.061	     0.175
  2.931560	    -0.135	     0.045	     0.046	     0.150
  2.934880	    -0.128	     0.039	     0.034	     0.138
  2.938200	    -0.161	     0.067	     0.076	     0.190
  2.941520	    -0.151	     0.050	     0.071	     0.174
  2.944840	    -0.132	     0.074	     0.077	     0.170
  2.948160	    -0.129	     0.030	     0.048	     0.141
  2.951480	    -0.151	     0.016	     0.045	     0.158
  2.954800	    -0.114	     0.021	     0.063	     0.132
  2.958120	    -0.149	     0.050	     0.061	     0.169
  2.961440	    -0.122	     0.060	     0.039	     0.141
  2.964760	    -0.159	     0.037	     0.062	     0.175
  2.968080	    -0.141	     0.064	     0.061	     0.166
  2.971400	    -0.166	     0.034	     0.069	     0.183
  2.974720	    -0.141	     0.063	     0.052	     0.163
  2.978040	    -0.172	     0.026	     0.071	     0.188
  2.981360	    -0.128	     0.070	     0.074	     0.164
  2.984680	    -0.138	     0.026	     0.059	     0.152
  2.988000	    -0.144	     0.057	     0.068	     0.169
  2.991320	    -0.139	     0.037	     0.053	     0.153
  2.994640	    -0.152	     0.003	     0.040	     0.157
  2.997960	    -0.132	     0.016	     0.041	     0.139
  3.001280	    -0.135	     0.042	     0.056	     0.152
  3.004600	    -0.120	     0.057	     0.083	     0.157
  3.007920	    -0.162	     0.054	     0.050	     0.178
  3.011240	    -0.156	     0.052	     0.049	     0.172
  3.014560	    -0.136	     0.034	     0.076	     0.159
  3.017880	    -0.139	     0.052	     0.080	     0.169
  3.021200	    -0.157	     0.057	     0.048	     0.174
  3.024520	    -0.131	     0.037	     0.067	     0.152
  3.027840	    -0.149	     0.051	     0.055	     0.167
  3.031160	    -0.114	     0.041	     0.105	     0.160
  3.034480	    -0.137	     0.076	     0.053	     0.165
  3.037800	    -0.144	     0.054	     0.058	     0.164
  3.041120	    -0.125	     0.050	     0.076	     0.155
  3.044440	    -0.165	     0.045	     0.059	     0.181
  3.047760	    -0.174	     0.047	     0.074	     0.195
  3.051080	    -0.118	     0.045	     0.054	     0.137
  3.054400	    -0.130	     0.017	     0.052	     0.141
  3.057720	    -0.134	     0.057	     0.045	     0.152
  3.061040	    -0.110	     0.054	     0.067	     0.140
  3.064360	    -0.125	     0.070	     0.028	     0.146
  3.067680	    -0.138	     0.028	     0.069	     0.157
  3.071000	    -0.122	     0.024	     0.062	     0.139
  3.074320	    -0.139	     0.041	     0.057	     0.156
  3.077640	    -0.117	     0.036	     0.083	     0.148
  3.080960	    -0.136	     0.027	     0.068	     0.154
  3.084280	    -0.119	     0.016	     0.087	     0.148
  3.087600	    -0.129	     0.055	     0.099	     0.172
  3.090920	    -0.134	     0.059	     0.081	     0.167
  3.094240	    -0.152	     0.020	     0.069	     0.168
  3.097560	    -0.152	     0.027	     0.058	     0.165
  3.100880	    -0.115	     0.032	     0.056	     0.132
  3.104200	    -0.125	     0.055	     0.064	     0.151
  3.107520	    -0.132	     0.038	     0.073	     0.156
  3.110840	    -0.139	     0.048	     0.068	     0.162
  3.114160	    -0.149	     0.048	     0.072	     0.172
  3.117480	    -0.149	     0.040	     0.072	     0.170
  3.120800	    -0.142	     0.053	     0.052	     0.160
  3.124120	    -0.129	     0.045	     0.066	     0.152
  3.127440	    -0.141	     0.041	     0.041	     0.152
  3.130760	    -0.129	     0.059	     0.052	     0.151
  3.134080	    -0.104	     0.042	     0.052	     0.124
  3.137400	    -0.139	     0.034	     0.065	     0.157
  3.140720	    -0.123	     0.054	     0.059	     0.147
  3.144040	    -0.116	     0.048	     0.053	     0.136
  3.147360	    -0.141	     0.054	     0.040	     0.156
  3.150680	    -0.126	     0.054	     0.043	     0.144
  3.154000	    -0.112	     0.013	     0.024	     0.115
  3.157320	    -0.119	     0.065	     0.060	     0.148
  3.160640	    -0.110	     0.016	     0.062	     0.127
  3.163960	    -0.120	     0.036	     0.098	     0.159
  3.167280	    -0.149	     0.055	     0.033	     0.162
  3.170600	    -0.106	     0.049	     0.072	     0.137
  3.173920	    -0.136	     0.068	     0.051	     0.160
  3.177240	    -0.106	     0.046	     0.054	     0.128
  3.180560	    -0.127	     0.042	     0.063	     0.148
  3.183880	    -0.131	     0.066	     0.059	     0.158
  3.187200	    -0.144	     0.039	     0.045	     0.156
  3.190520	    -0.101	     0.057	     0.059	     0.130
  3.193840	    -0.105	     0.043	     0.051	     0.124
  3.197160	    -0.117	     0.019	     0.079	     0.142
  3.200480	    -0.151	     0.054	     0.052	     0.169
  3.203800	    -0.136	     0.032	     0.036	     0.144
  3.207120	    -0.142	     0.032	     0.034	     0.149
  3.210440	    -0.138	     0.041	     0.043	     0.150
  3.213760	    -0.122	     0.029	     0.047	     0.134
  3.217080	    -0.148	     0.029	     0.068	     0.165
  3.220400	    -0.147	     0.046	     0.057	     0.164
  3.223720	    -0.137	     0.047	     0.079	     0.165
  3.227040	    -0.134	     0.049	     0.044	     0.149
  3.230360	    -0.148	     0.055	     0.053	     0.167
  3.233680	    -0.147	     0.063	     0.045	     0.166
  3.237000	    -0.124	     0.055	     0.061	     0.149
  3.240320	    -0.164	     0.064	     0.025	     0.178
  3.243640	    -0.122	     0.060	     0.041	     0.142
  3.246960	    -0.155	     0.040	     0.044	     0.166
  3.250280	    -0.129	     0.061	     0.065	     0.157
  3.253600	    -0.125	     0.036	     0.048	     0.139
  3.256920	    -0.097	     0.029	     0.041	     0.109
  3.260240	    -0.103	     0.075	     0.072	     0.146
  3.263560	    -0.101	     0.068	     0.047	     0.131
  3.266880	    -0.117	     0.037	     0.051	     0.133
  3.270200	    -0.100	     0.054	     0.047	     0.123
  3.273520	    -0.115	     0.063	     0.057	     0.143
  3.276840	    -0.132	     0.057	     0.044	     0.150
  3.280160	    -0.155	     0.012	     0.105	     0.188
  3.283480	    -0.123	     0.043	     0.040	     0.136
  3.286800	    -0.147	     0.039	     0.079	     0.171
  3.290120	    -0.124	     0.043	     0.080	     0.154
  3.293440	    -0.104	     0.048	     0.069	     0.134
  3.296760	    -0.133	     0.060	     0.041	     0.152
  3.300080	    -0.115	     0.062	     0.074	     0.150
  3.303400	    -0.121	     0.050	     0.059	     0.144
  3.306720	    -0.137	     0.031	     0.084	     0.164
  3.310040	    -0.129	     0.051	     0.048	     0.147
  3.313360	    -0.124	     0.034	     0.041	     0.135
  3.316680	    -0.137	     0.046	     0.061	     0.157
  3.320000	    -0.151	     0.013	     0.063	     0.164
  3.323320	    -0.144	     0.041	     0.064	     0.163
  3.326640	    -0.149	     0.056	     0.064	     0.172
  3.329960	    -0.149	     0.044	     0.088	     0.179
  3.333280	    -0.137	     0.056	     0.061	     0.160
  3.336600	    -0.127	     0.043	     0.050	     0.143
  3.339920	    -0.147	     0.043	     0.061	     0.165
  3.343240	    -0.142	     0.070	     0.050	     0.166
  3.346560	    -0.142	     0.056	     0.032	     0.156
  3.349880	    -0.127	     0.048	     0.066	     0.151
  3.353200	    -0.155	     0.059	     0.022	     0.167
  3.356520	    -0.166	     0.052	     0.053	     0.182
  3.359840	    -0.141	     0.045	     0.050	     0.156
  3.363160	    -0.146	     0.034	     0.036	     0.154
  3.366480	    -0.137	     0.036	     0.071	     0.158
  3.369800	    -0.132	     0.034	     0.059	     0.149
  3.373120	    -0.124	     0.061	     0.057	     0.149
  3.376440	    -0.139	     0.030	     0.039	     0.147
  3.379760	    -0.150	     0.047	     0.067	     0.171
  3.383080	    -0.139	     0.039	     0.054	     0.154
  3.386400	    -0.126	     0.077	     0.058	     0.159
  3.389720	    -0.126	     0.066	     0.068	     0.158
  3.393040	    -0.135	     0.040	     0.050	     0.149
  3.396360	    -0.125	     0.054	     0.032	     0.140
  3.399680	    -0.131	     0.063	     0.083	     0.167
  3.403000	    -0.129	     0.036	     0.069	     0.151
  3.406320	    -0.111	     0.048	     0.037	     0.126
  3.409640	    -0.124	     0.050	     0.043	     0.140
  3.412960	    -0.121	     0.059	     0.049	     0.143
  3.416280	    -0.128	     0.052	     0.065	     0.153
  3.419600	    -0.126	     0.057	     0.055	     0.149
  3.422920	    -0.143	     0.052	     0.050	     0.160
  3.426240	    -0.138	     0.066	     0.056	     0.163
  3.429560	    -0.168	     0.023	     0.052	     0.177
  3.432880	    -0.132	     0.048	     0.052	     0.150
  3.436200	    -0.139	     0.017	     0.074	     0.158
  3.439520	    -0.133	     0.057	     0.059	     0.156
  3.442840	    -0.142	     0.032	     0.035	     0.150
  3.446160	    -0.119	     0.064	     0.074	     0.154
  3.449480	    -0.107	     0.042	     0.064	     0.132
  3.452800	    -0.132	     0.039	     0.049	     0.146
  3.456120	    -0.120	     0.043	     0.077	     0.149
  3.459440	    -0.138	     0.035	     0.052	     0.152
  3.462760	    -0.119	     0.044	     0.047	     0.135
  3.466080	    -0.116	     0.059	     0.046	     0.138
  3.469400	    -0.167	     0.063	     0.043	     0.184
  3.472720	    -0.144	     0.050	     0.049	     0.160
  3.476040	    -0.136	     0.031	     0.056	     0.150
  3.479360	    -0.146	     0.028	     0.061	     0.161
  3.482680	    -0.130	     0.063	     0.050	     0.153
  3.486000	    -0.121	     0.064	     0.064	     0.151
  3.489320	    -0.136	     0.054	     0.049	     0.154
  3.492640	    -0.151	     0.041	     0.052	     0.165
  3.495960	    -0.157	     0.051	     0.026	     0.167
  3.499280	    -0.145	     0.047	     0.055	     0.162
  3.502600	    -0.126	     0.021	     0.055	     0.139
  3.505920	    -0.144	     0.040	     0.071	     0.165
  3.509240	    -0.129	     0.056	     0.064	     0.155
  3.512560	    -0.115	     0.037	     0.058	     0.134
  3.515880	    -0.106	     0.052	     0.049	     0.128
  3.519200	    -0.152	     0.046	     0.070	     0.174
  3.522520	    -0.119	     0.034	     0.071	     0.143
  3.525840	    -0.138	     0.043	     0.071	     0.161
  3.529160	    -0.134	     0.039	     0.062	     0.153
  3.532480	    -0.145	     0.037	     0.049	     0.157
  3.535800	    -0.106	     0.043	     0.069	     0.134
  3.539120	    -0.143	     0.048	     0.057	     0.161
  3.542440	    -0.120	     0.043	     0.032	     0.131
  3.545760	    -0.105	     0.041	     0.070	     0.133
  3.549080	    -0.114	     0.012	     0.067	     0.133
  3.552400	    -0.127	     0.036	     0.068	     0.148
  3.555720	    -0.131	     0.048	     0.051	     0.149
  3.559040	    -0.154	     0.062	     0.058	     0.176
  3.562360	    -0.115	     0.054	     0.061	     0.141
  3.565680	    -0.132	     0.061	     0.056	     0.156
  3.569000	    -0.147	     0.042	     0.077	     0.171
  3.572320	    -0.110	     0.061	     0.059	     0.139
  3.575640	    -0.130	     0.042	     0.064	     0.151
  3.578960	    -0.125	     0.041	     0.061	     0.145
  3.582280	    -0.105	     0.041	     0.074	     0.135
  3.585600	    -0.120	     0.051	     0.063	     0.145
  3.588920	    -0.149	     0.066	     0.050	     0.170
  3.592240	    -0.164	     0.036	     0.068	     0.181
  3.595560	    -0.146	     0.019	     0.059	     0.159
  3.598880	    -0.161	     0.048	     0.057	     0.177
  3.602200	    -0.164	     0.036	     0.056	     0.177
  3.605520	    -0.129	     0.051	     0.078	     0.159
  3.608840	    -0.121	     0.055	     0.049	     0.142
  3.612160	    -0.145	     0.037	     0.072	     0.166
  3.615480	    -0.161	     0.045	     0.082	     0.186
  3.618800	    -0.151	     0.050	     0.071	     0.174
  3.622120	    -0.165	     0.055	     0.052	     0.182
  3.625440	    -0.149	     0.074	     0.058	     0.176
  3.628760	    -0.132	     0.061	     0.037	     0.150
  3.632080	    -0.140	     0.034	     0.074	     0.162
  3.635400	    -0.147	     0.048	     0.067	     0.169
  3.638720	    -0.130	     0.031	     0.064	     0.148
  3.642040	    -0.114	     0.066	     0.071	     0.150
  3.645360	    -0.124	     0.055	     0.089	     0.162
  3.648680	    -0.132	     0.051	     0.093	     0.169
  3.652000	    -0.117	     0.027	     0.074	     0.141
  3.655320	    -0.150	     0.040	     0.062	     0.167
  3.658640	    -0.148	     0.070	     0.079	     0.182
  3.661960	    -0.123	     0.044	     0.061	     0.144
  3.665280	    -0.139	     0.033	     0.086	     0.167
  3.668600	    -0.100	     0.049	     0.079	     0.137
  3.671920	    -0.123	     0.052	     0.059	     0.146
  3.675240	    -0.134	     0.079	     0.059	     0.166
  3.678560	    -0.142	     0.038	     0.060	     0.159
  3.681880	    -0.137	     0.070	     0.072	     0.170
  3.685200	    -0.171	     0.037	     0.081	     0.193
  3.688520	    -0.134	     0.039	     0.067	     0.155
  3.691840	    -0.136	     0.066	     0.038	     0.156
  3.695160	    -0.156	     0.025	     0.040	     0.163
  3.698480	    -0.158	     0.039	     0.072	     0.178
  3.701800	    -0.141	     0.036	     0.072	     0.162
  3.705120	    -0.116	     0.053	     0.073	     0.147
  3.708440	    -0.152	     0.079	     0.061	     0.182
  3.711760	    -0.144	     0.028	     0.059	     0.158
  3.715080	    -0.159	     0.044	     0.061	     0.176
  3.718400	    -0.154	     0.077	     0.069	     0.185
  3.721720	    -0.119	     0.022	     0.096	     0.154
  3.725040	    -0.147	     0.063	     0.068	     0.174
  3.728360	    -0.123	     0.075	     0.064	     0.158
  3.731680	    -0.144	     0.050	     0.064	     0.165
  3.735000	    -0.120	     0.056	     0.058	     0.145
  3.738320	    -0.127	     0.054	     0.061	     0.151
  3.741640	    -0.143	     0.067	     0.079	     0.177
  3.744960	    -0.112	     0.048	     0.058	     0.135
  3.748280	    -0.114	     0.045	     0.081	     0.147
  3.751600	    -0.142	     0.040	     0.083	     0.169
  3.754920	    -0.136	     0.058	     0.047	     0.155
  3.758240	    -0.161	     0.029	     0.053	     0.172
  3.761560	    -0.148	     0.070	     0.062	     0.175
  3.764880	    -0.150	     0.057	     0.072	     0.176
  3.768200	    -0.139	     0.028	     0.040	     0.147
  3.771520	    -0.132	     0.057	     0.043	     0.150
  3.774840	    -0.152	     0.066	     0.074	     0.181
  3.778160	    -0.126	     0.026	     0.038	     0.134
  3.781480	    -0.114	     0.041	     0.046	     0.130
  3.784800	    -0.127	     0.061	     0.054	     0.151
  3.788120	    -0.146	     0.023	     0.078	     0.167
  3.791440	    -0.121	     0.039	     0.068	     0.144
  3.794760	    -0.156	     0.049	     0.047	     0.170
  3.798080	    -0.129	     0.059	     0.070	     0.158
  3.801400	    -0.117	     0.053	     0.081	     0.152
  3.804720	    -0.126	     0.041	     0.025	     0.135
  3.808040	    -0.152	     0.025	     0.069	     0.169
  3.811360	    -0.146	     0.051	     0.070	     0.170
  3.814680	    -0.132	     0.037	     0.056	     0.148
  3.818000	    -0.157	     0.043	     0.056	     0.172
  3.821320	    -0.134	     0.057	     0.047	     0.153
  3.824640	    -0.132	     0.022	     0.040	     0.140
  3.827960	    -0.143	     0.039	     0.061	     0.160
  3.831280	    -0.149	     0.068	     0.067	     0.177
  3.834600	    -0.159	     0.054	     0.086	     0.189
  3.837920	    -0.164	     0.055	     0.041	     0.178
  3.841240	    -0.176	     0.033	     0.055	     0.187
  3.844560	    -0.162	     0.030	     0.057	     0.174
  3.847880	    -0.156	     0.055	     0.067	     0.178
  3.851200	    -0.148	     0.051	     0.071	     0.172
  3.854520	    -0.151	     0.018	     0.055	     0.162
  3.857840	    -0.134	     0.049	     0.068	     0.158
  3.861160	    -0.142	     0.057	     0.053	     0.162
  3.864480	    -0.144	     0.026	     0.061	     0.159
  3.867800	    -0.156	     0.037	     0.060	     0.171
  3.871120	    -0.167	     0.039	     0.063	     0.183
  3.874440	    -0.150	     0.028	     0.060	     0.164
  3.877760	    -0.141	     0.055	     0.035	     0.155
  3.881080	    -0.139	     0.034	     0.075	     0.162
  3.884400	    -0.123	     0.075	     0.075	     0.162
  3.887720	    -0.146	     0.041	     0.031	     0.155
  3.891040	    -0.148	     0.045	     0.028	     0.157
  3.894360	    -0.121	     0.045	     0.053	     0.140
  3.897680	    -0.157	     0.034	     0.075	     0.177
  3.901000	    -0.143	     0.048	     0.058	     0.162
  3.904320	    -0.145	     0.026	     0.033	     0.151
  3.907640	    -0.134	     0.045	     0.039	     0.147
  3.910960	    -0.131	     0.012	     0.072	     0.150
  3.914280	    -0.133	     0.043	     0.048	     0.148
  3.917600	    -0.127	     0.046	     0.079	     0.156
  3.920920	    -0.159	     0.040	     0.061	     0.175
  3.924240	    -0.112	     0.063	     0.048	     0.137
  3.927560	    -0.121	     0.100	     0.055	     0.166
  3.930880	    -0.124	     0.050	     0.034	     0.138
  3.934200	    -0.132	     0.037	     0.056	     0.148
  3.937520	    -0.153	     0.049	     0.074	     0.177
  3.940840	    -0.110	     0.044	     0.031	     0.122
  3.944160	    -0.169	     0.045	     0.088	     0.196
  3.947480	    -0.121	     0.034	     0.042	     0.133
  3.950800	    -0.136	     0.050	     0.053	     0.154
  3.954120	    -0.139	     0.052	     0.037	     0.153
  3.957440	    -0.125	     0.032	     0.051	     0.139
  3.960760	    -0.154	     0.057	     0.051	     0.172
  3.964080	    -0.142	     0.057	     0.036	     0.157
  3.967400	    -0.140	     0.019	     0.050	     0.150
  3.970720	    -0.119	     0.061	     0.071	     0.151
  3.974040	    -0.119	     0.041	     0.053	     0.137
  3.977360	    -0.119	     0.078	     0.048	     0.150
  3.980680	    -0.117	     0.065	     0.072	     0.152
  3.984000	    -0.134	     0.059	     0.074	     0.164
  3.987320	    -0.127	     0.065	     0.058	     0.154
  3.990640	    -0.127	     0.058	     0.034	     0.144
  3.993960	    -0.143	     0.046	     0.048	     0.158
  3.997280	    -0.156	     0.054	     0.074	     0.181
