All   channel acquired
Date[dd-mm-yy]= 02-07-21   Time= 16:49:38
  time[s]	      Bx[mT]	     By[mT]	      Bz[mT]	     Bmod[mT]
  0.003320	     0.594	    -0.086	     0.082	     0.606
  0.006640	     0.597	    -0.110	     0.040	     0.608
  0.009960	     0.575	    -0.109	     0.049	     0.587
  0.013280	     0.592	    -0.082	     0.081	     0.603
  0.016600	     0.597	    -0.109	     0.049	     0.609
  0.019920	     0.579	    -0.098	     0.074	     0.592
  0.023240	     0.585	    -0.100	     0.049	     0.596
  0.026560	     0.587	    -0.117	     0.068	     0.602
  0.029880	     0.579	    -0.097	     0.073	     0.592
  0.033200	     0.596	    -0.097	     0.066	     0.607
  0.036520	     0.590	    -0.090	     0.064	     0.600
  0.039840	     0.576	    -0.081	     0.087	     0.588
  0.043160	     0.572	    -0.105	     0.058	     0.584
  0.046480	     0.559	    -0.100	     0.065	     0.572
  0.049800	     0.582	    -0.109	     0.067	     0.596
  0.053120	     0.594	    -0.099	     0.078	     0.607
  0.056440	     0.580	    -0.105	     0.068	     0.593
  0.059760	     0.611	    -0.089	     0.049	     0.619
  0.063080	     0.586	    -0.096	     0.049	     0.596
  0.066400	     0.611	    -0.078	     0.064	     0.619
  0.069720	     0.608	    -0.096	     0.071	     0.620
  0.073040	     0.587	    -0.125	     0.093	     0.607
  0.076360	     0.597	    -0.109	     0.089	     0.613
  0.079680	     0.579	    -0.119	     0.096	     0.599
  0.083000	     0.617	    -0.114	     0.077	     0.632
  0.086320	     0.599	    -0.103	     0.089	     0.614
  0.089640	     0.611	    -0.111	     0.065	     0.624
  0.092960	     0.609	    -0.087	     0.087	     0.621
  0.096280	     0.591	    -0.113	     0.065	     0.605
  0.099600	     0.577	    -0.116	     0.083	     0.594
  0.102920	     0.579	    -0.075	     0.078	     0.589
  0.106240	     0.605	    -0.105	     0.072	     0.618
  0.109560	     0.584	    -0.094	     0.072	     0.596
  0.112880	     0.594	    -0.097	     0.081	     0.607
  0.116200	     0.591	    -0.100	     0.096	     0.607
  0.119520	     0.599	    -0.103	     0.089	     0.614
  0.122840	     0.602	    -0.080	     0.066	     0.611
  0.126160	     0.614	    -0.099	     0.077	     0.627
  0.129480	     0.588	    -0.105	     0.072	     0.602
  0.132800	     0.576	    -0.082	     0.098	     0.590
  0.136120	     0.584	    -0.111	     0.081	     0.600
  0.139440	     0.624	    -0.113	     0.041	     0.635
  0.142760	     0.585	    -0.090	     0.075	     0.597
  0.146080	     0.580	    -0.085	     0.056	     0.589
  0.149400	     0.585	    -0.102	     0.063	     0.597
  0.152720	     0.592	    -0.119	     0.052	     0.606
  0.156040	     0.564	    -0.105	     0.075	     0.579
  0.159360	     0.585	    -0.113	     0.070	     0.600
  0.162680	     0.581	    -0.084	     0.073	     0.592
  0.166000	     0.612	    -0.099	     0.062	     0.623
  0.169320	     0.613	    -0.090	     0.034	     0.621
  0.172640	     0.602	    -0.114	     0.068	     0.616
  0.175960	     0.622	    -0.091	     0.070	     0.633
  0.179280	     0.589	    -0.088	     0.051	     0.598
  0.182600	     0.620	    -0.102	     0.090	     0.635
  0.185920	     0.587	    -0.090	     0.047	     0.596
  0.189240	     0.597	    -0.091	     0.075	     0.609
  0.192560	     0.584	    -0.088	     0.043	     0.592
  0.195880	     0.598	    -0.103	     0.078	     0.612
  0.199200	     0.623	    -0.109	     0.090	     0.639
  0.202520	     0.582	    -0.102	     0.087	     0.597
  0.205840	     0.618	    -0.079	     0.083	     0.629
  0.209160	     0.610	    -0.094	     0.073	     0.622
  0.212480	     0.564	    -0.085	     0.067	     0.574
  0.215800	     0.590	    -0.107	     0.045	     0.601
  0.219120	     0.606	    -0.086	     0.070	     0.616
  0.222440	     0.581	    -0.106	     0.047	     0.592
  0.225760	     0.579	    -0.111	     0.043	     0.591
  0.229080	     0.588	    -0.120	     0.092	     0.607
  0.232400	     0.600	    -0.113	     0.054	     0.613
  0.235720	     0.614	    -0.116	     0.081	     0.630
  0.239040	     0.585	    -0.094	     0.068	     0.596
  0.242360	     0.621	    -0.133	     0.069	     0.639
  0.245680	     0.603	    -0.116	     0.065	     0.617
  0.249000	     0.595	    -0.088	     0.065	     0.605
  0.252320	     0.562	    -0.104	     0.053	     0.574
  0.255640	     0.598	    -0.113	     0.034	     0.610
  0.258960	     0.563	    -0.118	     0.048	     0.577
  0.262280	     0.588	    -0.100	     0.046	     0.598
  0.265600	     0.578	    -0.117	     0.065	     0.593
  0.268920	     0.614	    -0.116	     0.044	     0.626
  0.272240	     0.601	    -0.098	     0.047	     0.611
  0.275560	     0.630	    -0.087	     0.080	     0.641
  0.278880	     0.597	    -0.081	     0.041	     0.604
  0.282200	     0.595	    -0.089	     0.081	     0.607
  0.285520	     0.596	    -0.099	     0.059	     0.607
  0.288840	     0.586	    -0.136	     0.047	     0.603
  0.292160	     0.590	    -0.123	     0.064	     0.606
  0.295480	     0.590	    -0.075	     0.077	     0.600
  0.298800	     0.614	    -0.097	     0.077	     0.626
  0.302120	     0.588	    -0.082	     0.064	     0.597
  0.305440	     0.600	    -0.122	     0.053	     0.615
  0.308760	     0.587	    -0.103	     0.075	     0.601
  0.312080	     0.583	    -0.085	     0.071	     0.593
  0.315400	     0.579	    -0.100	     0.067	     0.591
  0.318720	     0.567	    -0.119	     0.061	     0.583
  0.322040	     0.597	    -0.096	     0.073	     0.609
  0.325360	     0.576	    -0.091	     0.059	     0.586
  0.328680	     0.596	    -0.119	     0.056	     0.610
  0.332000	     0.592	    -0.099	     0.065	     0.604
  0.335320	     0.602	    -0.102	     0.038	     0.612
  0.338640	     0.582	    -0.089	     0.050	     0.591
  0.341960	     0.608	    -0.081	     0.061	     0.616
  0.345280	     0.610	    -0.080	     0.066	     0.619
  0.348600	     0.594	    -0.096	     0.048	     0.604
  0.351920	     0.581	    -0.097	     0.081	     0.595
  0.355240	     0.621	    -0.110	     0.073	     0.635
  0.358560	     0.589	    -0.137	     0.065	     0.608
  0.361880	     0.616	    -0.085	     0.080	     0.627
  0.365200	     0.595	    -0.094	     0.064	     0.606
  0.368520	     0.592	    -0.092	     0.051	     0.601
  0.371840	     0.578	    -0.100	     0.056	     0.589
  0.375160	     0.594	    -0.091	     0.048	     0.603
  0.378480	     0.593	    -0.112	     0.049	     0.605
  0.381800	     0.584	    -0.106	     0.071	     0.598
  0.385120	     0.580	    -0.085	     0.071	     0.590
  0.388440	     0.576	    -0.103	     0.041	     0.587
  0.391760	     0.586	    -0.104	     0.056	     0.598
  0.395080	     0.580	    -0.096	     0.057	     0.591
  0.398400	     0.579	    -0.107	     0.049	     0.591
  0.401720	     0.584	    -0.107	     0.065	     0.597
  0.405040	     0.607	    -0.071	     0.060	     0.614
  0.408360	     0.592	    -0.112	     0.063	     0.606
  0.411680	     0.613	    -0.116	     0.047	     0.626
  0.415000	     0.583	    -0.106	     0.046	     0.594
  0.418320	     0.620	    -0.083	     0.051	     0.628
  0.421640	     0.586	    -0.083	     0.067	     0.596
  0.424960	     0.575	    -0.118	     0.056	     0.590
  0.428280	     0.578	    -0.099	     0.084	     0.592
  0.431600	     0.610	    -0.098	     0.061	     0.621
  0.434920	     0.602	    -0.112	     0.043	     0.614
  0.438240	     0.614	    -0.109	     0.053	     0.626
  0.441560	     0.602	    -0.125	     0.038	     0.616
  0.444880	     0.587	    -0.087	     0.069	     0.597
  0.448200	     0.583	    -0.111	     0.057	     0.596
  0.451520	     0.602	    -0.087	     0.059	     0.611
  0.454840	     0.593	    -0.099	     0.071	     0.605
  0.458160	     0.605	    -0.117	     0.041	     0.618
  0.461480	     0.590	    -0.096	     0.065	     0.601
  0.464800	     0.604	    -0.108	     0.053	     0.616
  0.468120	     0.600	    -0.120	     0.075	     0.616
  0.471440	     0.585	    -0.110	     0.074	     0.600
  0.474760	     0.605	    -0.103	     0.072	     0.618
  0.478080	     0.578	    -0.099	     0.065	     0.590
  0.481400	     0.596	    -0.080	     0.071	     0.606
  0.484720	     0.586	    -0.087	     0.068	     0.596
  0.488040	     0.569	    -0.077	     0.052	     0.577
  0.491360	     0.593	    -0.102	     0.076	     0.606
  0.494680	     0.612	    -0.092	     0.072	     0.623
  0.498000	     0.590	    -0.084	     0.062	     0.599
  0.501320	     0.571	    -0.127	     0.086	     0.591
  0.504640	     0.594	    -0.093	     0.065	     0.605
  0.507960	     0.597	    -0.098	     0.052	     0.607
  0.511280	     0.586	    -0.113	     0.078	     0.602
  0.514600	     0.577	    -0.085	     0.061	     0.586
  0.517920	     0.600	    -0.122	     0.065	     0.616
  0.521240	     0.595	    -0.109	     0.056	     0.607
  0.524560	     0.578	    -0.086	     0.055	     0.587
  0.527880	     0.575	    -0.085	     0.052	     0.584
  0.531200	     0.576	    -0.092	     0.045	     0.585
  0.534520	     0.598	    -0.082	     0.062	     0.607
  0.537840	     0.583	    -0.107	     0.064	     0.596
  0.541160	     0.570	    -0.078	     0.075	     0.580
  0.544480	     0.600	    -0.108	     0.060	     0.613
  0.547800	     0.586	    -0.118	     0.046	     0.600
  0.551120	     0.598	    -0.113	     0.071	     0.613
  0.554440	     0.584	    -0.108	     0.053	     0.596
  0.557760	     0.594	    -0.092	     0.071	     0.605
  0.561080	     0.603	    -0.104	     0.076	     0.617
  0.564400	     0.608	    -0.122	     0.044	     0.622
  0.567720	     0.613	    -0.088	     0.083	     0.625
  0.571040	     0.610	    -0.097	     0.065	     0.621
  0.574360	     0.617	    -0.110	     0.058	     0.629
  0.577680	     0.598	    -0.102	     0.058	     0.609
  0.581000	     0.593	    -0.116	     0.043	     0.606
  0.584320	     0.607	    -0.085	     0.058	     0.616
  0.587640	     0.570	    -0.080	     0.053	     0.578
  0.590960	     0.600	    -0.111	     0.043	     0.612
  0.594280	     0.594	    -0.096	     0.046	     0.603
  0.597600	     0.597	    -0.091	     0.061	     0.607
  0.600920	     0.583	    -0.082	     0.069	     0.593
  0.604240	     0.595	    -0.085	     0.073	     0.605
  0.607560	     0.611	    -0.101	     0.068	     0.623
  0.610880	     0.598	    -0.114	     0.062	     0.612
  0.614200	     0.568	    -0.111	     0.061	     0.582
  0.617520	     0.574	    -0.088	     0.064	     0.584
  0.620840	     0.586	    -0.118	     0.084	     0.604
  0.624160	     0.617	    -0.077	     0.062	     0.625
  0.627480	     0.594	    -0.110	     0.077	     0.609
  0.630800	     0.581	    -0.095	     0.077	     0.594
  0.634120	     0.583	    -0.076	     0.068	     0.592
  0.637440	     0.581	    -0.096	     0.061	     0.592
  0.640760	     0.567	    -0.095	     0.058	     0.578
  0.644080	     0.584	    -0.103	     0.070	     0.597
  0.647400	     0.622	    -0.113	     0.063	     0.635
  0.650720	     0.574	    -0.121	     0.063	     0.590
  0.654040	     0.587	    -0.075	     0.060	     0.595
  0.657360	     0.590	    -0.103	     0.067	     0.603
  0.660680	     0.556	    -0.100	     0.084	     0.571
  0.664000	     0.588	    -0.095	     0.078	     0.601
  0.667320	     0.575	    -0.066	     0.067	     0.583
  0.670640	     0.586	    -0.106	     0.044	     0.597
  0.673960	     0.594	    -0.101	     0.050	     0.605
  0.677280	     0.584	    -0.089	     0.054	     0.593
  0.680600	     0.564	    -0.100	     0.084	     0.579
  0.683920	     0.583	    -0.083	     0.059	     0.592
  0.687240	     0.573	    -0.104	     0.068	     0.586
  0.690560	     0.586	    -0.102	     0.071	     0.599
  0.693880	     0.586	    -0.099	     0.081	     0.600
  0.697200	     0.568	    -0.113	     0.061	     0.582
  0.700520	     0.567	    -0.110	     0.051	     0.580
  0.703840	     0.595	    -0.096	     0.044	     0.604
  0.707160	     0.583	    -0.106	     0.076	     0.597
  0.710480	     0.600	    -0.110	     0.062	     0.613
  0.713800	     0.566	    -0.099	     0.044	     0.576
  0.717120	     0.576	    -0.102	     0.053	     0.587
  0.720440	     0.590	    -0.123	     0.053	     0.605
  0.723760	     0.569	    -0.099	     0.040	     0.579
  0.727080	     0.578	    -0.114	     0.074	     0.594
  0.730400	     0.600	    -0.084	     0.073	     0.610
  0.733720	     0.574	    -0.117	     0.070	     0.590
  0.737040	     0.573	    -0.106	     0.065	     0.586
  0.740360	     0.566	    -0.105	     0.086	     0.582
  0.743680	     0.590	    -0.082	     0.052	     0.598
  0.747000	     0.557	    -0.117	     0.064	     0.573
  0.750320	     0.571	    -0.073	     0.073	     0.580
  0.753640	     0.584	    -0.111	     0.076	     0.599
  0.756960	     0.579	    -0.120	     0.078	     0.596
  0.760280	     0.587	    -0.080	     0.078	     0.598
  0.763600	     0.549	    -0.106	     0.050	     0.561
  0.766920	     0.589	    -0.108	     0.085	     0.605
  0.770240	     0.596	    -0.106	     0.064	     0.609
  0.773560	     0.585	    -0.115	     0.059	     0.599
  0.776880	     0.570	    -0.088	     0.052	     0.579
  0.780200	     0.594	    -0.102	     0.052	     0.605
  0.783520	     0.561	    -0.094	     0.077	     0.574
  0.786840	     0.570	    -0.096	     0.062	     0.581
  0.790160	     0.576	    -0.106	     0.062	     0.589
  0.793480	     0.560	    -0.103	     0.087	     0.576
  0.796800	     0.583	    -0.090	     0.065	     0.593
  0.800120	     0.560	    -0.081	     0.075	     0.571
  0.803440	     0.597	    -0.110	     0.061	     0.610
  0.806760	     0.594	    -0.096	     0.059	     0.605
  0.810080	     0.569	    -0.108	     0.078	     0.584
  0.813400	     0.584	    -0.077	     0.060	     0.592
  0.816720	     0.598	    -0.103	     0.059	     0.610
  0.820040	     0.588	    -0.086	     0.049	     0.596
  0.823360	     0.587	    -0.119	     0.058	     0.602
  0.826680	     0.576	    -0.091	     0.053	     0.586
  0.830000	     0.591	    -0.090	     0.047	     0.600
  0.833320	     0.595	    -0.083	     0.065	     0.604
  0.836640	     0.589	    -0.125	     0.058	     0.605
  0.839960	     0.595	    -0.105	     0.077	     0.609
  0.843280	     0.573	    -0.098	     0.069	     0.585
  0.846600	     0.611	    -0.114	     0.083	     0.627
  0.849920	     0.581	    -0.107	     0.061	     0.594
  0.853240	     0.583	    -0.117	     0.049	     0.597
  0.856560	     0.600	    -0.074	     0.064	     0.608
  0.859880	     0.581	    -0.123	     0.077	     0.599
  0.863200	     0.619	    -0.119	     0.064	     0.634
  0.866520	     0.598	    -0.095	     0.061	     0.609
  0.869840	     0.595	    -0.122	     0.052	     0.610
  0.873160	     0.596	    -0.084	     0.069	     0.606
  0.876480	     0.600	    -0.103	     0.060	     0.612
  0.879800	     0.595	    -0.103	     0.040	     0.605
  0.883120	     0.619	    -0.087	     0.045	     0.627
  0.886440	     0.585	    -0.110	     0.049	     0.597
  0.889760	     0.596	    -0.089	     0.052	     0.605
  0.893080	     0.564	    -0.063	     0.046	     0.569
  0.896400	     0.576	    -0.103	     0.055	     0.588
  0.899720	     0.578	    -0.106	     0.067	     0.591
  0.903040	     0.602	    -0.105	     0.043	     0.613
  0.906360	     0.606	    -0.089	     0.062	     0.616
  0.909680	     0.587	    -0.099	     0.029	     0.596
  0.913000	     0.601	    -0.089	     0.066	     0.611
  0.916320	     0.590	    -0.116	     0.046	     0.603
  0.919640	     0.585	    -0.080	     0.064	     0.594
  0.922960	     0.565	    -0.080	     0.078	     0.576
  0.926280	     0.600	    -0.098	     0.050	     0.610
  0.929600	     0.596	    -0.094	     0.064	     0.607
  0.932920	     0.587	    -0.091	     0.053	     0.596
  0.936240	     0.598	    -0.106	     0.069	     0.611
  0.939560	     0.590	    -0.099	     0.027	     0.599
  0.942880	     0.606	    -0.108	     0.052	     0.618
  0.946200	     0.619	    -0.092	     0.072	     0.630
  0.949520	     0.590	    -0.133	     0.030	     0.606
  0.952840	     0.590	    -0.112	     0.056	     0.603
  0.956160	     0.590	    -0.094	     0.059	     0.600
  0.959480	     0.576	    -0.116	     0.071	     0.592
  0.962800	     0.603	    -0.088	     0.056	     0.612
  0.966120	     0.592	    -0.077	     0.083	     0.603
  0.969440	     0.585	    -0.073	     0.052	     0.592
  0.972760	     0.587	    -0.097	     0.063	     0.598
  0.976080	     0.583	    -0.089	     0.075	     0.595
  0.979400	     0.576	    -0.104	     0.058	     0.588
  0.982720	     0.610	    -0.097	     0.052	     0.620
  0.986040	     0.609	    -0.109	     0.081	     0.624
  0.989360	     0.597	    -0.099	     0.064	     0.609
  0.992680	     0.556	    -0.077	     0.072	     0.566
  0.996000	     0.594	    -0.092	     0.075	     0.606
  0.999320	     0.619	    -0.115	     0.081	     0.635
  1.002640	     0.616	    -0.097	     0.081	     0.629
  1.005960	     0.595	    -0.110	     0.065	     0.609
  1.009280	     0.594	    -0.100	     0.069	     0.606
  1.012600	     0.593	    -0.094	     0.068	     0.604
  1.015920	     0.605	    -0.066	     0.057	     0.611
  1.019240	     0.617	    -0.109	     0.089	     0.633
  1.022560	     0.581	    -0.110	     0.059	     0.594
  1.025880	     0.582	    -0.099	     0.077	     0.595
  1.029200	     0.597	    -0.093	     0.081	     0.610
  1.032520	     0.621	    -0.124	     0.095	     0.640
  1.035840	     0.618	    -0.111	     0.059	     0.631
  1.039160	     0.614	    -0.102	     0.070	     0.626
  1.042480	     0.587	    -0.110	     0.062	     0.600
  1.045800	     0.587	    -0.112	     0.058	     0.600
  1.049120	     0.609	    -0.090	     0.065	     0.619
  1.052440	     0.582	    -0.099	     0.066	     0.594
  1.055760	     0.581	    -0.100	     0.079	     0.595
  1.059080	     0.613	    -0.089	     0.068	     0.623
  1.062400	     0.598	    -0.116	     0.075	     0.614
  1.065720	     0.595	    -0.115	     0.071	     0.610
  1.069040	     0.623	    -0.097	     0.068	     0.634
  1.072360	     0.616	    -0.095	     0.067	     0.627
  1.075680	     0.568	    -0.113	     0.051	     0.581
  1.079000	     0.592	    -0.085	     0.066	     0.602
  1.082320	     0.577	    -0.110	     0.072	     0.592
  1.085640	     0.595	    -0.096	     0.055	     0.605
  1.088960	     0.613	    -0.119	     0.065	     0.628
  1.092280	     0.606	    -0.083	     0.036	     0.613
  1.095600	     0.597	    -0.100	     0.067	     0.609
  1.098920	     0.562	    -0.103	     0.075	     0.576
  1.102240	     0.573	    -0.108	     0.070	     0.587
  1.105560	     0.578	    -0.077	     0.062	     0.586
  1.108880	     0.592	    -0.106	     0.059	     0.604
  1.112200	     0.601	    -0.096	     0.058	     0.611
  1.115520	     0.616	    -0.099	     0.077	     0.629
  1.118840	     0.603	    -0.112	     0.085	     0.619
  1.122160	     0.579	    -0.110	     0.074	     0.594
  1.125480	     0.568	    -0.085	     0.077	     0.579
  1.128800	     0.597	    -0.108	     0.080	     0.612
  1.132120	     0.596	    -0.113	     0.052	     0.609
  1.135440	     0.615	    -0.086	     0.066	     0.624
  1.138760	     0.589	    -0.073	     0.071	     0.598
  1.142080	     0.579	    -0.079	     0.079	     0.590
  1.145400	     0.603	    -0.092	     0.060	     0.613
  1.148720	     0.593	    -0.109	     0.092	     0.610
  1.152040	     0.602	    -0.110	     0.053	     0.614
  1.155360	     0.579	    -0.080	     0.055	     0.587
  1.158680	     0.576	    -0.102	     0.068	     0.589
  1.162000	     0.597	    -0.087	     0.076	     0.608
  1.165320	     0.574	    -0.085	     0.071	     0.585
  1.168640	     0.618	    -0.074	     0.086	     0.628
  1.171960	     0.591	    -0.109	     0.059	     0.604
  1.175280	     0.601	    -0.090	     0.071	     0.612
  1.178600	     0.591	    -0.079	     0.067	     0.600
  1.181920	     0.603	    -0.101	     0.062	     0.615
  1.185240	     0.581	    -0.105	     0.085	     0.596
  1.188560	     0.585	    -0.119	     0.083	     0.603
  1.191880	     0.624	    -0.113	     0.083	     0.640
  1.195200	     0.575	    -0.094	     0.072	     0.587
  1.198520	     0.606	    -0.098	     0.077	     0.619
  1.201840	     0.567	    -0.100	     0.071	     0.580
  1.205160	     0.589	    -0.104	     0.061	     0.601
  1.208480	     0.576	    -0.121	     0.072	     0.593
  1.211800	     0.591	    -0.097	     0.049	     0.601
  1.215120	     0.595	    -0.106	     0.078	     0.609
  1.218440	     0.608	    -0.103	     0.070	     0.621
  1.221760	     0.595	    -0.080	     0.037	     0.601
  1.225080	     0.584	    -0.097	     0.096	     0.600
  1.228400	     0.591	    -0.097	     0.060	     0.602
  1.231720	     0.560	    -0.090	     0.069	     0.571
  1.235040	     0.594	    -0.111	     0.066	     0.608
  1.238360	     0.598	    -0.108	     0.071	     0.612
  1.241680	     0.579	    -0.110	     0.080	     0.595
  1.245000	     0.595	    -0.123	     0.098	     0.615
  1.248320	     0.585	    -0.086	     0.077	     0.596
  1.251640	     0.586	    -0.091	     0.081	     0.599
  1.254960	     0.587	    -0.117	     0.078	     0.604
  1.258280	     0.594	    -0.111	     0.072	     0.609
  1.261600	     0.583	    -0.116	     0.064	     0.598
  1.264920	     0.572	    -0.089	     0.095	     0.587
  1.268240	     0.589	    -0.099	     0.042	     0.599
  1.271560	     0.562	    -0.110	     0.081	     0.578
  1.274880	     0.570	    -0.095	     0.077	     0.583
  1.278200	     0.591	    -0.096	     0.087	     0.605
  1.281520	     0.590	    -0.084	     0.050	     0.598
  1.284840	     0.601	    -0.119	     0.097	     0.620
  1.288160	     0.572	    -0.111	     0.092	     0.590
  1.291480	     0.574	    -0.103	     0.059	     0.586
  1.294800	     0.596	    -0.083	     0.095	     0.609
  1.298120	     0.571	    -0.116	     0.096	     0.591
  1.301440	     0.579	    -0.121	     0.067	     0.595
  1.304760	     0.584	    -0.087	     0.078	     0.596
  1.308080	     0.587	    -0.098	     0.083	     0.601
  1.311400	     0.568	    -0.128	     0.060	     0.585
  1.314720	     0.579	    -0.102	     0.074	     0.593
  1.318040	     0.594	    -0.084	     0.056	     0.603
  1.321360	     0.580	    -0.105	     0.064	     0.593
  1.324680	     0.589	    -0.106	     0.102	     0.607
  1.328000	     0.578	    -0.094	     0.086	     0.592
  1.331320	     0.593	    -0.092	     0.083	     0.606
  1.334640	     0.619	    -0.113	     0.068	     0.633
  1.337960	     0.599	    -0.099	     0.101	     0.615
  1.341280	     0.576	    -0.098	     0.043	     0.586
  1.344600	     0.583	    -0.094	     0.048	     0.592
  1.347920	     0.593	    -0.089	     0.073	     0.604
  1.351240	     0.600	    -0.100	     0.092	     0.615
  1.354560	     0.580	    -0.137	     0.078	     0.601
  1.357880	     0.575	    -0.093	     0.073	     0.587
  1.361200	     0.607	    -0.099	     0.068	     0.619
  1.364520	     0.584	    -0.088	     0.075	     0.595
  1.367840	     0.577	    -0.089	     0.077	     0.589
  1.371160	     0.588	    -0.105	     0.062	     0.601
  1.374480	     0.572	    -0.102	     0.064	     0.585
  1.377800	     0.604	    -0.099	     0.050	     0.614
  1.381120	     0.590	    -0.100	     0.068	     0.602
  1.384440	     0.601	    -0.107	     0.059	     0.613
  1.387760	     0.595	    -0.100	     0.063	     0.607
  1.391080	     0.585	    -0.112	     0.066	     0.599
  1.394400	     0.583	    -0.111	     0.061	     0.597
  1.397720	     0.603	    -0.127	     0.083	     0.622
  1.401040	     0.579	    -0.104	     0.058	     0.591
  1.404360	     0.571	    -0.090	     0.081	     0.584
  1.407680	     0.581	    -0.089	     0.064	     0.591
  1.411000	     0.605	    -0.115	     0.056	     0.618
  1.414320	     0.581	    -0.108	     0.074	     0.596
  1.417640	     0.591	    -0.095	     0.080	     0.604
  1.420960	     0.617	    -0.103	     0.050	     0.628
  1.424280	     0.610	    -0.120	     0.075	     0.626
  1.427600	     0.602	    -0.088	     0.062	     0.612
  1.430920	     0.593	    -0.065	     0.079	     0.602
  1.434240	     0.592	    -0.100	     0.079	     0.606
  1.437560	     0.568	    -0.083	     0.067	     0.578
  1.440880	     0.600	    -0.096	     0.090	     0.614
  1.444200	     0.587	    -0.101	     0.073	     0.600
  1.447520	     0.594	    -0.110	     0.074	     0.609
  1.450840	     0.606	    -0.103	     0.068	     0.618
  1.454160	     0.579	    -0.106	     0.047	     0.590
  1.457480	     0.608	    -0.123	     0.050	     0.622
  1.460800	     0.600	    -0.084	     0.067	     0.610
  1.464120	     0.585	    -0.080	     0.071	     0.595
  1.467440	     0.602	    -0.092	     0.084	     0.615
  1.470760	     0.606	    -0.103	     0.050	     0.617
  1.474080	     0.605	    -0.108	     0.078	     0.619
  1.477400	     0.611	    -0.121	     0.067	     0.626
  1.480720	     0.582	    -0.123	     0.099	     0.603
  1.484040	     0.614	    -0.103	     0.050	     0.625
  1.487360	     0.597	    -0.117	     0.068	     0.612
  1.490680	     0.578	    -0.109	     0.080	     0.594
  1.494000	     0.584	    -0.107	     0.080	     0.599
  1.497320	     0.592	    -0.120	     0.074	     0.609
  1.500640	     0.610	    -0.104	     0.095	     0.626
  1.503960	     0.620	    -0.107	     0.066	     0.633
  1.507280	     0.565	    -0.094	     0.089	     0.580
  1.510600	     0.584	    -0.109	     0.059	     0.597
  1.513920	     0.568	    -0.104	     0.069	     0.582
  1.517240	     0.565	    -0.100	     0.070	     0.578
  1.520560	     0.593	    -0.085	     0.060	     0.602
  1.523880	     0.584	    -0.086	     0.064	     0.594
  1.527200	     0.586	    -0.109	     0.101	     0.605
  1.530520	     0.580	    -0.090	     0.079	     0.592
  1.533840	     0.616	    -0.092	     0.074	     0.627
  1.537160	     0.595	    -0.110	     0.085	     0.611
  1.540480	     0.613	    -0.105	     0.065	     0.625
  1.543800	     0.583	    -0.104	     0.069	     0.596
  1.547120	     0.605	    -0.091	     0.053	     0.614
  1.550440	     0.586	    -0.097	     0.086	     0.600
  1.553760	     0.598	    -0.085	     0.070	     0.608
  1.557080	     0.554	    -0.105	     0.066	     0.568
  1.560400	     0.570	    -0.096	     0.080	     0.584
  1.563720	     0.622	    -0.109	     0.073	     0.636
  1.567040	     0.600	    -0.094	     0.089	     0.614
  1.570360	     0.587	    -0.119	     0.059	     0.602
  1.573680	     0.608	    -0.091	     0.079	     0.620
  1.577000	     0.594	    -0.120	     0.093	     0.613
  1.580320	     0.590	    -0.088	     0.084	     0.602
  1.583640	     0.609	    -0.080	     0.077	     0.619
  1.586960	     0.605	    -0.077	     0.096	     0.617
  1.590280	     0.589	    -0.100	     0.064	     0.601
  1.593600	     0.597	    -0.088	     0.089	     0.610
  1.596920	     0.599	    -0.096	     0.064	     0.610
  1.600240	     0.585	    -0.067	     0.052	     0.591
  1.603560	     0.603	    -0.117	     0.072	     0.618
  1.606880	     0.619	    -0.107	     0.095	     0.635
  1.610200	     0.602	    -0.100	     0.064	     0.614
  1.613520	     0.629	    -0.104	     0.072	     0.642
  1.616840	     0.614	    -0.105	     0.080	     0.628
  1.620160	     0.612	    -0.088	     0.086	     0.624
  1.623480	     0.592	    -0.106	     0.053	     0.604
  1.626800	     0.618	    -0.138	     0.080	     0.638
  1.630120	     0.600	    -0.100	     0.071	     0.612
  1.633440	     0.590	    -0.083	     0.068	     0.600
  1.636760	     0.611	    -0.096	     0.077	     0.623
  1.640080	     0.595	    -0.111	     0.070	     0.609
  1.643400	     0.587	    -0.126	     0.053	     0.603
  1.646720	     0.562	    -0.091	     0.102	     0.578
  1.650040	     0.587	    -0.120	     0.081	     0.605
  1.653360	     0.587	    -0.104	     0.065	     0.600
  1.656680	     0.577	    -0.096	     0.062	     0.588
  1.660000	     0.590	    -0.123	     0.099	     0.611
  1.663320	     0.585	    -0.110	     0.098	     0.603
  1.666640	     0.608	    -0.107	     0.073	     0.622
  1.669960	     0.595	    -0.088	     0.086	     0.608
  1.673280	     0.600	    -0.117	     0.065	     0.615
  1.676600	     0.574	    -0.105	     0.052	     0.586
  1.679920	     0.589	    -0.093	     0.061	     0.599
  1.683240	     0.550	    -0.094	     0.087	     0.565
  1.686560	     0.598	    -0.120	     0.055	     0.612
  1.689880	     0.560	    -0.082	     0.072	     0.571
  1.693200	     0.567	    -0.072	     0.060	     0.575
  1.696520	     0.594	    -0.111	     0.078	     0.609
  1.699840	     0.572	    -0.114	     0.066	     0.587
  1.703160	     0.572	    -0.074	     0.089	     0.584
  1.706480	     0.581	    -0.115	     0.078	     0.597
  1.709800	     0.595	    -0.107	     0.081	     0.610
  1.713120	     0.592	    -0.088	     0.089	     0.605
  1.716440	     0.590	    -0.097	     0.082	     0.604
  1.719760	     0.566	    -0.099	     0.076	     0.580
  1.723080	     0.592	    -0.110	     0.090	     0.609
  1.726400	     0.595	    -0.094	     0.078	     0.607
  1.729720	     0.575	    -0.099	     0.069	     0.588
  1.733040	     0.569	    -0.119	     0.088	     0.588
  1.736360	     0.592	    -0.133	     0.058	     0.610
  1.739680	     0.586	    -0.103	     0.074	     0.600
  1.743000	     0.562	    -0.104	     0.074	     0.576
  1.746320	     0.583	    -0.093	     0.056	     0.593
  1.749640	     0.597	    -0.096	     0.064	     0.608
  1.752960	     0.580	    -0.100	     0.078	     0.594
  1.756280	     0.563	    -0.111	     0.055	     0.576
  1.759600	     0.593	    -0.092	     0.064	     0.603
  1.762920	     0.582	    -0.099	     0.033	     0.591
  1.766240	     0.592	    -0.115	     0.061	     0.606
  1.769560	     0.592	    -0.080	     0.076	     0.602
  1.772880	     0.557	    -0.113	     0.070	     0.573
  1.776200	     0.575	    -0.113	     0.056	     0.589
  1.779520	     0.584	    -0.074	     0.087	     0.595
  1.782840	     0.595	    -0.086	     0.062	     0.604
  1.786160	     0.597	    -0.105	     0.054	     0.609
  1.789480	     0.583	    -0.102	     0.062	     0.595
  1.792800	     0.576	    -0.099	     0.043	     0.586
  1.796120	     0.608	    -0.105	     0.055	     0.619
  1.799440	     0.598	    -0.082	     0.043	     0.605
  1.802760	     0.605	    -0.093	     0.062	     0.615
  1.806080	     0.589	    -0.100	     0.049	     0.599
  1.809400	     0.581	    -0.098	     0.063	     0.593
  1.812720	     0.635	    -0.097	     0.081	     0.647
  1.816040	     0.594	    -0.105	     0.061	     0.606
  1.819360	     0.596	    -0.113	     0.061	     0.610
  1.822680	     0.582	    -0.088	     0.037	     0.590
  1.826000	     0.596	    -0.119	     0.077	     0.613
  1.829320	     0.595	    -0.103	     0.058	     0.607
  1.832640	     0.598	    -0.105	     0.080	     0.612
  1.835960	     0.610	    -0.103	     0.087	     0.625
  1.839280	     0.593	    -0.094	     0.068	     0.604
  1.842600	     0.596	    -0.075	     0.064	     0.604
  1.845920	     0.616	    -0.102	     0.071	     0.628
  1.849240	     0.594	    -0.106	     0.061	     0.606
  1.852560	     0.585	    -0.109	     0.086	     0.601
  1.855880	     0.598	    -0.130	     0.043	     0.613
  1.859200	     0.595	    -0.097	     0.051	     0.605
  1.862520	     0.584	    -0.105	     0.061	     0.596
  1.865840	     0.607	    -0.097	     0.066	     0.618
  1.869160	     0.605	    -0.109	     0.085	     0.621
  1.872480	     0.596	    -0.119	     0.076	     0.612
  1.875800	     0.581	    -0.110	     0.068	     0.595
  1.879120	     0.600	    -0.103	     0.090	     0.615
  1.882440	     0.631	    -0.092	     0.065	     0.641
  1.885760	     0.607	    -0.099	     0.060	     0.618
  1.889080	     0.595	    -0.100	     0.064	     0.607
  1.892400	     0.587	    -0.094	     0.078	     0.600
  1.895720	     0.590	    -0.114	     0.073	     0.605
  1.899040	     0.598	    -0.089	     0.065	     0.608
  1.902360	     0.595	    -0.080	     0.075	     0.605
  1.905680	     0.593	    -0.094	     0.087	     0.607
  1.909000	     0.567	    -0.091	     0.077	     0.579
  1.912320	     0.592	    -0.083	     0.068	     0.602
  1.915640	     0.594	    -0.108	     0.080	     0.609
  1.918960	     0.576	    -0.080	     0.090	     0.588
  1.922280	     0.589	    -0.143	     0.071	     0.610
  1.925600	     0.581	    -0.103	     0.094	     0.597
  1.928920	     0.599	    -0.109	     0.083	     0.614
  1.932240	     0.586	    -0.092	     0.069	     0.597
  1.935560	     0.616	    -0.117	     0.079	     0.632
  1.938880	     0.611	    -0.115	     0.055	     0.624
  1.942200	     0.606	    -0.092	     0.083	     0.619
  1.945520	     0.576	    -0.083	     0.102	     0.591
  1.948840	     0.618	    -0.092	     0.096	     0.632
  1.952160	     0.579	    -0.120	     0.053	     0.594
  1.955480	     0.587	    -0.106	     0.083	     0.602
  1.958800	     0.579	    -0.082	     0.095	     0.592
  1.962120	     0.589	    -0.107	     0.046	     0.600
  1.965440	     0.584	    -0.114	     0.090	     0.602
  1.968760	     0.558	    -0.109	     0.043	     0.570
  1.972080	     0.580	    -0.092	     0.061	     0.590
  1.975400	     0.603	    -0.102	     0.110	     0.621
  1.978720	     0.597	    -0.092	     0.068	     0.608
  1.982040	     0.595	    -0.087	     0.070	     0.605
  1.985360	     0.599	    -0.106	     0.087	     0.614
  1.988680	     0.610	    -0.105	     0.083	     0.625
  1.992000	     0.592	    -0.088	     0.064	     0.602
  1.995320	     0.613	    -0.091	     0.078	     0.625
  1.998640	     0.592	    -0.099	     0.060	     0.603
  2.001960	     0.616	    -0.130	     0.072	     0.634
  2.005280	     0.614	    -0.116	     0.071	     0.629
  2.008600	     0.612	    -0.086	     0.093	     0.625
  2.011920	     0.619	    -0.096	     0.075	     0.631
  2.015240	     0.607	    -0.110	     0.084	     0.623
  2.018560	     0.600	    -0.086	     0.102	     0.615
  2.021880	     0.600	    -0.092	     0.078	     0.612
  2.025200	     0.624	    -0.088	     0.083	     0.636
  2.028520	     0.614	    -0.086	     0.040	     0.621
  2.031840	     0.588	    -0.109	     0.052	     0.600
  2.035160	     0.589	    -0.092	     0.075	     0.601
  2.038480	     0.598	    -0.085	     0.071	     0.608
  2.041800	     0.604	    -0.106	     0.071	     0.617
  2.045120	     0.605	    -0.089	     0.067	     0.615
  2.048440	     0.584	    -0.108	     0.069	     0.598
  2.051760	     0.582	    -0.092	     0.080	     0.595
  2.055080	     0.597	    -0.111	     0.072	     0.611
  2.058400	     0.570	    -0.104	     0.056	     0.582
  2.061720	     0.592	    -0.100	     0.052	     0.603
  2.065040	     0.621	    -0.099	     0.082	     0.634
  2.068360	     0.594	    -0.121	     0.062	     0.609
  2.071680	     0.593	    -0.088	     0.049	     0.601
  2.075000	     0.590	    -0.134	     0.074	     0.610
  2.078320	     0.600	    -0.092	     0.068	     0.611
  2.081640	     0.579	    -0.097	     0.056	     0.590
  2.084960	     0.594	    -0.104	     0.041	     0.604
  2.088280	     0.576	    -0.099	     0.043	     0.586
  2.091600	     0.593	    -0.130	     0.061	     0.610
  2.094920	     0.588	    -0.092	     0.073	     0.600
  2.098240	     0.594	    -0.108	     0.087	     0.610
  2.101560	     0.597	    -0.119	     0.081	     0.614
  2.104880	     0.590	    -0.100	     0.067	     0.602
  2.108200	     0.580	    -0.097	     0.077	     0.593
  2.111520	     0.562	    -0.086	     0.094	     0.576
  2.114840	     0.583	    -0.137	     0.069	     0.603
  2.118160	     0.594	    -0.091	     0.080	     0.606
  2.121480	     0.579	    -0.099	     0.080	     0.593
  2.124800	     0.603	    -0.110	     0.075	     0.618
  2.128120	     0.595	    -0.111	     0.076	     0.610
  2.131440	     0.570	    -0.103	     0.076	     0.584
  2.134760	     0.605	    -0.105	     0.082	     0.619
  2.138080	     0.596	    -0.112	     0.055	     0.609
  2.141400	     0.607	    -0.086	     0.075	     0.618
  2.144720	     0.595	    -0.105	     0.074	     0.609
  2.148040	     0.597	    -0.099	     0.072	     0.609
  2.151360	     0.589	    -0.086	     0.070	     0.599
  2.154680	     0.589	    -0.116	     0.061	     0.603
  2.158000	     0.581	    -0.118	     0.076	     0.598
  2.161320	     0.599	    -0.088	     0.077	     0.610
  2.164640	     0.593	    -0.084	     0.083	     0.605
  2.167960	     0.598	    -0.085	     0.061	     0.607
  2.171280	     0.595	    -0.125	     0.053	     0.610
  2.174600	     0.581	    -0.096	     0.074	     0.594
  2.177920	     0.561	    -0.114	     0.085	     0.579
  2.181240	     0.581	    -0.079	     0.097	     0.594
  2.184560	     0.580	    -0.111	     0.096	     0.598
  2.187880	     0.577	    -0.091	     0.061	     0.587
  2.191200	     0.573	    -0.119	     0.096	     0.593
  2.194520	     0.602	    -0.102	     0.073	     0.615
  2.197840	     0.589	    -0.096	     0.070	     0.601
  2.201160	     0.613	    -0.102	     0.066	     0.625
  2.204480	     0.632	    -0.100	     0.080	     0.645
  2.207800	     0.577	    -0.087	     0.074	     0.588
  2.211120	     0.599	    -0.117	     0.078	     0.615
  2.214440	     0.606	    -0.105	     0.095	     0.622
  2.217760	     0.578	    -0.135	     0.081	     0.599
  2.221080	     0.604	    -0.080	     0.080	     0.615
  2.224400	     0.581	    -0.128	     0.052	     0.597
  2.227720	     0.613	    -0.101	     0.054	     0.624
  2.231040	     0.586	    -0.105	     0.053	     0.598
  2.234360	     0.641	    -0.099	     0.077	     0.653
  2.237680	     0.596	    -0.093	     0.054	     0.606
  2.241000	     0.603	    -0.082	     0.073	     0.613
  2.244320	     0.593	    -0.108	     0.059	     0.606
  2.247640	     0.599	    -0.103	     0.100	     0.616
  2.250960	     0.597	    -0.097	     0.078	     0.610
  2.254280	     0.594	    -0.082	     0.079	     0.605
  2.257600	     0.608	    -0.108	     0.074	     0.622
  2.260920	     0.587	    -0.111	     0.053	     0.600
  2.264240	     0.596	    -0.116	     0.064	     0.611
  2.267560	     0.594	    -0.088	     0.059	     0.603
  2.270880	     0.578	    -0.103	     0.095	     0.595
  2.274200	     0.617	    -0.099	     0.088	     0.631
  2.277520	     0.604	    -0.117	     0.072	     0.619
  2.280840	     0.598	    -0.083	     0.080	     0.609
  2.284160	     0.592	    -0.108	     0.055	     0.604
  2.287480	     0.586	    -0.092	     0.061	     0.596
  2.290800	     0.587	    -0.091	     0.046	     0.596
  2.294120	     0.593	    -0.134	     0.083	     0.614
  2.297440	     0.610	    -0.111	     0.058	     0.623
  2.300760	     0.602	    -0.085	     0.087	     0.614
  2.304080	     0.611	    -0.080	     0.064	     0.620
  2.307400	     0.597	    -0.118	     0.078	     0.614
  2.310720	     0.621	    -0.100	     0.053	     0.631
  2.314040	     0.598	    -0.087	     0.055	     0.607
  2.317360	     0.608	    -0.099	     0.068	     0.620
  2.320680	     0.611	    -0.085	     0.066	     0.620
  2.324000	     0.621	    -0.088	     0.065	     0.631
  2.327320	     0.625	    -0.077	     0.068	     0.633
  2.330640	     0.616	    -0.122	     0.065	     0.631
  2.333960	     0.623	    -0.112	     0.079	     0.638
  2.337280	     0.611	    -0.110	     0.059	     0.624
  2.340600	     0.589	    -0.102	     0.093	     0.605
  2.343920	     0.606	    -0.119	     0.052	     0.620
  2.347240	     0.576	    -0.111	     0.058	     0.589
  2.350560	     0.570	    -0.091	     0.040	     0.579
  2.353880	     0.608	    -0.106	     0.078	     0.622
  2.357200	     0.600	    -0.119	     0.098	     0.619
  2.360520	     0.598	    -0.083	     0.072	     0.608
  2.363840	     0.588	    -0.107	     0.084	     0.604
  2.367160	     0.578	    -0.116	     0.060	     0.593
  2.370480	     0.600	    -0.099	     0.087	     0.614
  2.373800	     0.589	    -0.108	     0.080	     0.604
  2.377120	     0.609	    -0.103	     0.081	     0.623
  2.380440	     0.589	    -0.096	     0.068	     0.601
  2.383760	     0.599	    -0.124	     0.066	     0.615
  2.387080	     0.623	    -0.107	     0.066	     0.636
  2.390400	     0.608	    -0.086	     0.087	     0.620
  2.393720	     0.611	    -0.095	     0.060	     0.621
  2.397040	     0.584	    -0.088	     0.075	     0.595
  2.400360	     0.595	    -0.092	     0.062	     0.605
  2.403680	     0.612	    -0.115	     0.085	     0.628
  2.407000	     0.577	    -0.099	     0.054	     0.588
  2.410320	     0.572	    -0.113	     0.073	     0.588
  2.413640	     0.587	    -0.106	     0.065	     0.600
  2.416960	     0.581	    -0.091	     0.074	     0.593
  2.420280	     0.605	    -0.111	     0.080	     0.620
  2.423600	     0.595	    -0.091	     0.072	     0.606
  2.426920	     0.596	    -0.100	     0.093	     0.611
  2.430240	     0.597	    -0.097	     0.081	     0.610
  2.433560	     0.590	    -0.099	     0.067	     0.602
  2.436880	     0.595	    -0.102	     0.064	     0.607
  2.440200	     0.602	    -0.105	     0.092	     0.618
  2.443520	     0.587	    -0.089	     0.068	     0.598
  2.446840	     0.583	    -0.102	     0.063	     0.595
  2.450160	     0.613	    -0.113	     0.072	     0.627
  2.453480	     0.579	    -0.089	     0.066	     0.590
  2.456800	     0.602	    -0.089	     0.090	     0.615
  2.460120	     0.586	    -0.108	     0.075	     0.601
  2.463440	     0.587	    -0.115	     0.073	     0.603
  2.466760	     0.597	    -0.106	     0.081	     0.612
  2.470080	     0.600	    -0.101	     0.069	     0.612
  2.473400	     0.592	    -0.120	     0.071	     0.608
  2.476720	     0.583	    -0.106	     0.089	     0.599
  2.480040	     0.579	    -0.123	     0.068	     0.596
  2.483360	     0.626	    -0.100	     0.098	     0.641
  2.486680	     0.601	    -0.100	     0.042	     0.611
  2.490000	     0.592	    -0.091	     0.065	     0.602
  2.493320	     0.596	    -0.077	     0.081	     0.606
  2.496640	     0.592	    -0.113	     0.062	     0.606
  2.499960	     0.610	    -0.123	     0.064	     0.626
  2.503280	     0.610	    -0.105	     0.081	     0.624
  2.506600	     0.606	    -0.129	     0.084	     0.625
  2.509920	     0.597	    -0.115	     0.086	     0.614
  2.513240	     0.605	    -0.127	     0.038	     0.619
  2.516560	     0.564	    -0.103	     0.078	     0.579
  2.519880	     0.603	    -0.091	     0.074	     0.614
  2.523200	     0.594	    -0.128	     0.084	     0.613
  2.526520	     0.617	    -0.113	     0.073	     0.631
  2.529840	     0.592	    -0.094	     0.053	     0.602
  2.533160	     0.590	    -0.089	     0.097	     0.605
  2.536480	     0.585	    -0.097	     0.063	     0.596
  2.539800	     0.597	    -0.088	     0.072	     0.608
  2.543120	     0.579	    -0.104	     0.064	     0.592
  2.546440	     0.587	    -0.094	     0.055	     0.597
  2.549760	     0.587	    -0.083	     0.087	     0.599
  2.553080	     0.602	    -0.108	     0.074	     0.616
  2.556400	     0.583	    -0.116	     0.067	     0.598
  2.559720	     0.570	    -0.085	     0.068	     0.580
  2.563040	     0.582	    -0.116	     0.074	     0.598
  2.566360	     0.581	    -0.107	     0.086	     0.597
  2.569680	     0.596	    -0.089	     0.086	     0.609
  2.573000	     0.572	    -0.108	     0.063	     0.586
  2.576320	     0.589	    -0.100	     0.060	     0.600
  2.579640	     0.601	    -0.134	     0.052	     0.618
  2.582960	     0.580	    -0.102	     0.080	     0.594
  2.586280	     0.581	    -0.102	     0.072	     0.594
  2.589600	     0.584	    -0.088	     0.071	     0.595
  2.592920	     0.590	    -0.094	     0.079	     0.603
  2.596240	     0.573	    -0.097	     0.055	     0.584
  2.599560	     0.580	    -0.089	     0.062	     0.590
  2.602880	     0.589	    -0.100	     0.071	     0.602
  2.606200	     0.579	    -0.103	     0.090	     0.595
  2.609520	     0.576	    -0.098	     0.069	     0.588
  2.612840	     0.576	    -0.097	     0.087	     0.591
  2.616160	     0.586	    -0.116	     0.089	     0.604
  2.619480	     0.588	    -0.085	     0.072	     0.598
  2.622800	     0.590	    -0.105	     0.032	     0.600
  2.626120	     0.588	    -0.110	     0.082	     0.604
  2.629440	     0.578	    -0.087	     0.064	     0.588
  2.632760	     0.591	    -0.074	     0.101	     0.604
  2.636080	     0.586	    -0.107	     0.069	     0.600
  2.639400	     0.590	    -0.104	     0.076	     0.604
  2.642720	     0.575	    -0.108	     0.046	     0.587
  2.646040	     0.579	    -0.111	     0.062	     0.593
  2.649360	     0.595	    -0.107	     0.068	     0.608
  2.652680	     0.564	    -0.092	     0.075	     0.576
  2.656000	     0.590	    -0.102	     0.066	     0.602
  2.659320	     0.580	    -0.076	     0.058	     0.588
  2.662640	     0.570	    -0.089	     0.072	     0.581
  2.665960	     0.591	    -0.111	     0.059	     0.604
  2.669280	     0.584	    -0.094	     0.061	     0.595
  2.672600	     0.570	    -0.094	     0.055	     0.580
  2.675920	     0.591	    -0.097	     0.067	     0.603
  2.679240	     0.575	    -0.108	     0.080	     0.590
  2.682560	     0.571	    -0.098	     0.067	     0.583
  2.685880	     0.582	    -0.087	     0.080	     0.594
  2.689200	     0.579	    -0.119	     0.067	     0.595
  2.692520	     0.567	    -0.097	     0.071	     0.580
  2.695840	     0.615	    -0.117	     0.064	     0.629
  2.699160	     0.577	    -0.098	     0.063	     0.589
  2.702480	     0.575	    -0.119	     0.075	     0.592
  2.705800	     0.579	    -0.106	     0.065	     0.592
  2.709120	     0.588	    -0.112	     0.069	     0.603
  2.712440	     0.579	    -0.075	     0.067	     0.588
  2.715760	     0.568	    -0.114	     0.077	     0.584
  2.719080	     0.575	    -0.076	     0.085	     0.586
  2.722400	     0.581	    -0.088	     0.061	     0.591
  2.725720	     0.590	    -0.120	     0.069	     0.606
  2.729040	     0.586	    -0.104	     0.077	     0.600
  2.732360	     0.595	    -0.111	     0.059	     0.608
  2.735680	     0.571	    -0.097	     0.039	     0.580
  2.739000	     0.557	    -0.104	     0.086	     0.573
  2.742320	     0.554	    -0.115	     0.051	     0.568
  2.745640	     0.578	    -0.113	     0.071	     0.593
  2.748960	     0.592	    -0.102	     0.055	     0.603
  2.752280	     0.576	    -0.104	     0.074	     0.590
  2.755600	     0.571	    -0.084	     0.073	     0.582
  2.758920	     0.574	    -0.099	     0.084	     0.589
  2.762240	     0.582	    -0.096	     0.081	     0.595
  2.765560	     0.547	    -0.099	     0.080	     0.562
  2.768880	     0.565	    -0.097	     0.058	     0.576
  2.772200	     0.579	    -0.103	     0.073	     0.593
  2.775520	     0.575	    -0.121	     0.056	     0.590
  2.778840	     0.547	    -0.095	     0.050	     0.557
  2.782160	     0.575	    -0.101	     0.062	     0.587
  2.785480	     0.560	    -0.107	     0.060	     0.573
  2.788800	     0.559	    -0.106	     0.080	     0.575
  2.792120	     0.595	    -0.105	     0.055	     0.607
  2.795440	     0.600	    -0.102	     0.063	     0.612
  2.798760	     0.590	    -0.114	     0.073	     0.605
  2.802080	     0.577	    -0.101	     0.054	     0.588
  2.805400	     0.576	    -0.109	     0.081	     0.592
  2.808720	     0.579	    -0.074	     0.067	     0.588
  2.812040	     0.557	    -0.124	     0.077	     0.576
  2.815360	     0.590	    -0.112	     0.064	     0.604
  2.818680	     0.568	    -0.094	     0.063	     0.579
  2.822000	     0.571	    -0.102	     0.073	     0.585
  2.825320	     0.564	    -0.084	     0.067	     0.574
  2.828640	     0.575	    -0.098	     0.062	     0.587
  2.831960	     0.590	    -0.090	     0.065	     0.600
  2.835280	     0.592	    -0.100	     0.063	     0.604
  2.838600	     0.583	    -0.110	     0.050	     0.595
  2.841920	     0.564	    -0.101	     0.055	     0.576
  2.845240	     0.608	    -0.086	     0.078	     0.619
  2.848560	     0.587	    -0.106	     0.077	     0.601
  2.851880	     0.573	    -0.102	     0.058	     0.585
  2.855200	     0.570	    -0.082	     0.047	     0.578
  2.858520	     0.584	    -0.102	     0.061	     0.596
  2.861840	     0.586	    -0.102	     0.068	     0.599
  2.865160	     0.565	    -0.077	     0.066	     0.574
  2.868480	     0.567	    -0.096	     0.050	     0.577
  2.871800	     0.579	    -0.083	     0.068	     0.589
  2.875120	     0.567	    -0.105	     0.071	     0.581
  2.878440	     0.562	    -0.109	     0.067	     0.576
  2.881760	     0.570	    -0.116	     0.083	     0.588
  2.885080	     0.589	    -0.125	     0.069	     0.606
  2.888400	     0.581	    -0.104	     0.035	     0.591
  2.891720	     0.596	    -0.097	     0.067	     0.608
  2.895040	     0.612	    -0.092	     0.086	     0.625
  2.898360	     0.556	    -0.091	     0.089	     0.570
  2.901680	     0.578	    -0.107	     0.065	     0.591
  2.905000	     0.577	    -0.091	     0.067	     0.588
  2.908320	     0.586	    -0.120	     0.073	     0.603
  2.911640	     0.578	    -0.086	     0.075	     0.589
  2.914960	     0.584	    -0.102	     0.061	     0.596
  2.918280	     0.611	    -0.077	     0.037	     0.617
  2.921600	     0.576	    -0.112	     0.047	     0.589
  2.924920	     0.592	    -0.109	     0.067	     0.606
  2.928240	     0.584	    -0.091	     0.059	     0.594
  2.931560	     0.594	    -0.103	     0.065	     0.606
  2.934880	     0.552	    -0.102	     0.074	     0.566
  2.938200	     0.586	    -0.125	     0.086	     0.605
  2.941520	     0.602	    -0.106	     0.040	     0.613
  2.944840	     0.587	    -0.099	     0.067	     0.599
  2.948160	     0.589	    -0.085	     0.086	     0.601
  2.951480	     0.575	    -0.128	     0.095	     0.597
  2.954800	     0.565	    -0.097	     0.069	     0.577
  2.958120	     0.569	    -0.110	     0.049	     0.582
  2.961440	     0.574	    -0.099	     0.068	     0.586
  2.964760	     0.579	    -0.114	     0.052	     0.592
  2.968080	     0.575	    -0.117	     0.087	     0.593
  2.971400	     0.568	    -0.095	     0.043	     0.577
  2.974720	     0.570	    -0.116	     0.093	     0.589
  2.978040	     0.576	    -0.103	     0.038	     0.586
  2.981360	     0.585	    -0.094	     0.060	     0.596
  2.984680	     0.570	    -0.092	     0.066	     0.581
  2.988000	     0.559	    -0.083	     0.054	     0.568
  2.991320	     0.567	    -0.110	     0.064	     0.581
  2.994640	     0.607	    -0.089	     0.070	     0.617
  2.997960	     0.559	    -0.102	     0.064	     0.572
  3.001280	     0.573	    -0.088	     0.058	     0.583
  3.004600	     0.566	    -0.082	     0.040	     0.573
  3.007920	     0.595	    -0.101	     0.061	     0.607
  3.011240	     0.598	    -0.096	     0.084	     0.611
  3.014560	     0.573	    -0.103	     0.067	     0.586
  3.017880	     0.587	    -0.102	     0.056	     0.598
  3.021200	     0.577	    -0.078	     0.069	     0.586
  3.024520	     0.568	    -0.113	     0.069	     0.583
  3.027840	     0.608	    -0.109	     0.074	     0.622
  3.031160	     0.601	    -0.113	     0.087	     0.618
  3.034480	     0.595	    -0.111	     0.055	     0.608
  3.037800	     0.613	    -0.128	     0.056	     0.629
  3.041120	     0.575	    -0.117	     0.059	     0.590
  3.044440	     0.617	    -0.092	     0.053	     0.626
  3.047760	     0.606	    -0.098	     0.055	     0.616
  3.051080	     0.577	    -0.081	     0.092	     0.590
  3.054400	     0.588	    -0.121	     0.025	     0.601
  3.057720	     0.603	    -0.096	     0.075	     0.615
  3.061040	     0.590	    -0.122	     0.059	     0.605
  3.064360	     0.606	    -0.109	     0.072	     0.620
  3.067680	     0.602	    -0.100	     0.083	     0.616
  3.071000	     0.597	    -0.122	     0.081	     0.615
  3.074320	     0.591	    -0.112	     0.067	     0.605
  3.077640	     0.597	    -0.105	     0.062	     0.609
  3.080960	     0.587	    -0.085	     0.055	     0.596
  3.084280	     0.587	    -0.106	     0.070	     0.601
  3.087600	     0.597	    -0.109	     0.066	     0.610
  3.090920	     0.573	    -0.116	     0.053	     0.587
  3.094240	     0.587	    -0.089	     0.087	     0.600
  3.097560	     0.595	    -0.096	     0.065	     0.606
  3.100880	     0.567	    -0.096	     0.069	     0.579
  3.104200	     0.602	    -0.080	     0.075	     0.612
  3.107520	     0.585	    -0.109	     0.075	     0.600
  3.110840	     0.591	    -0.110	     0.074	     0.606
  3.114160	     0.598	    -0.094	     0.091	     0.612
  3.117480	     0.624	    -0.101	     0.062	     0.635
  3.120800	     0.606	    -0.100	     0.049	     0.616
  3.124120	     0.586	    -0.093	     0.063	     0.597
  3.127440	     0.605	    -0.128	     0.085	     0.624
  3.130760	     0.598	    -0.095	     0.044	     0.607
  3.134080	     0.601	    -0.085	     0.079	     0.612
  3.137400	     0.608	    -0.145	     0.067	     0.629
  3.140720	     0.576	    -0.108	     0.076	     0.591
  3.144040	     0.597	    -0.081	     0.058	     0.605
  3.147360	     0.585	    -0.092	     0.083	     0.598
  3.150680	     0.589	    -0.103	     0.065	     0.601
  3.154000	     0.592	    -0.109	     0.058	     0.605
  3.157320	     0.598	    -0.110	     0.060	     0.611
  3.160640	     0.568	    -0.094	     0.065	     0.579
  3.163960	     0.609	    -0.094	     0.068	     0.620
  3.167280	     0.573	    -0.110	     0.055	     0.586
  3.170600	     0.587	    -0.098	     0.055	     0.598
  3.173920	     0.566	    -0.092	     0.065	     0.577
  3.177240	     0.589	    -0.121	     0.064	     0.605
  3.180560	     0.599	    -0.092	     0.055	     0.609
  3.183880	     0.597	    -0.091	     0.082	     0.609
  3.187200	     0.603	    -0.095	     0.057	     0.613
  3.190520	     0.563	    -0.105	     0.088	     0.579
  3.193840	     0.596	    -0.099	     0.059	     0.607
  3.197160	     0.581	    -0.105	     0.047	     0.592
  3.200480	     0.586	    -0.108	     0.055	     0.598
  3.203800	     0.594	    -0.062	     0.057	     0.600
  3.207120	     0.601	    -0.079	     0.049	     0.608
  3.210440	     0.573	    -0.090	     0.059	     0.583
  3.213760	     0.592	    -0.071	     0.089	     0.603
  3.217080	     0.608	    -0.108	     0.078	     0.622
  3.220400	     0.615	    -0.079	     0.056	     0.623
  3.223720	     0.605	    -0.084	     0.064	     0.614
  3.227040	     0.568	    -0.090	     0.061	     0.578
  3.230360	     0.582	    -0.080	     0.054	     0.590
  3.233680	     0.562	    -0.102	     0.086	     0.578
  3.237000	     0.606	    -0.094	     0.085	     0.619
  3.240320	     0.587	    -0.085	     0.073	     0.598
  3.243640	     0.597	    -0.105	     0.068	     0.610
  3.246960	     0.571	    -0.121	     0.055	     0.586
  3.250280	     0.597	    -0.098	     0.058	     0.608
  3.253600	     0.568	    -0.117	     0.081	     0.586
  3.256920	     0.606	    -0.096	     0.065	     0.617
  3.260240	     0.602	    -0.106	     0.065	     0.615
  3.263560	     0.597	    -0.108	     0.041	     0.608
  3.266880	     0.575	    -0.106	     0.041	     0.586
  3.270200	     0.579	    -0.106	     0.083	     0.594
  3.273520	     0.592	    -0.092	     0.070	     0.603
  3.276840	     0.572	    -0.092	     0.069	     0.583
  3.280160	     0.600	    -0.118	     0.084	     0.617
  3.283480	     0.600	    -0.117	     0.089	     0.618
  3.286800	     0.600	    -0.106	     0.091	     0.616
  3.290120	     0.600	    -0.082	     0.077	     0.610
  3.293440	     0.610	    -0.111	     0.063	     0.623
  3.296760	     0.573	    -0.105	     0.060	     0.586
  3.300080	     0.629	    -0.108	     0.069	     0.642
  3.303400	     0.568	    -0.103	     0.066	     0.581
  3.306720	     0.600	    -0.072	     0.089	     0.611
  3.310040	     0.570	    -0.081	     0.092	     0.583
  3.313360	     0.586	    -0.099	     0.080	     0.600
  3.316680	     0.592	    -0.070	     0.085	     0.602
  3.320000	     0.580	    -0.111	     0.084	     0.596
  3.323320	     0.596	    -0.078	     0.064	     0.604
  3.326640	     0.584	    -0.115	     0.071	     0.599
  3.329960	     0.573	    -0.094	     0.101	     0.589
  3.333280	     0.571	    -0.082	     0.062	     0.580
  3.336600	     0.576	    -0.118	     0.075	     0.593
  3.339920	     0.581	    -0.113	     0.083	     0.598
  3.343240	     0.565	    -0.101	     0.090	     0.581
  3.346560	     0.595	    -0.110	     0.079	     0.610
  3.349880	     0.578	    -0.105	     0.092	     0.595
  3.353200	     0.580	    -0.077	     0.089	     0.592
  3.356520	     0.587	    -0.097	     0.058	     0.598
  3.359840	     0.610	    -0.123	     0.059	     0.625
  3.363160	     0.562	    -0.095	     0.067	     0.574
  3.366480	     0.578	    -0.100	     0.086	     0.593
  3.369800	     0.599	    -0.092	     0.101	     0.614
  3.373120	     0.587	    -0.095	     0.075	     0.599
  3.376440	     0.591	    -0.101	     0.055	     0.602
  3.379760	     0.592	    -0.086	     0.077	     0.603
  3.383080	     0.569	    -0.097	     0.042	     0.579
  3.386400	     0.573	    -0.089	     0.056	     0.583
  3.389720	     0.562	    -0.084	     0.075	     0.573
  3.393040	     0.601	    -0.117	     0.095	     0.620
  3.396360	     0.573	    -0.100	     0.092	     0.589
  3.399680	     0.595	    -0.126	     0.067	     0.612
  3.403000	     0.584	    -0.119	     0.068	     0.600
  3.406320	     0.573	    -0.118	     0.073	     0.590
  3.409640	     0.570	    -0.086	     0.077	     0.582
  3.412960	     0.586	    -0.074	     0.086	     0.597
  3.416280	     0.603	    -0.106	     0.107	     0.622
  3.419600	     0.600	    -0.119	     0.079	     0.617
  3.422920	     0.587	    -0.110	     0.050	     0.599
  3.426240	     0.597	    -0.105	     0.071	     0.610
  3.429560	     0.598	    -0.093	     0.084	     0.611
  3.432880	     0.573	    -0.094	     0.078	     0.586
  3.436200	     0.562	    -0.104	     0.077	     0.577
  3.439520	     0.593	    -0.120	     0.049	     0.607
  3.442840	     0.584	    -0.100	     0.074	     0.597
  3.446160	     0.564	    -0.098	     0.072	     0.577
  3.449480	     0.583	    -0.121	     0.085	     0.601
  3.452800	     0.609	    -0.110	     0.085	     0.625
  3.456120	     0.619	    -0.134	     0.093	     0.640
  3.459440	     0.618	    -0.115	     0.053	     0.631
  3.462760	     0.598	    -0.077	     0.072	     0.607
  3.466080	     0.619	    -0.108	     0.059	     0.631
  3.469400	     0.611	    -0.113	     0.053	     0.624
  3.472720	     0.586	    -0.103	     0.090	     0.602
  3.476040	     0.596	    -0.103	     0.082	     0.610
  3.479360	     0.606	    -0.079	     0.070	     0.615
  3.482680	     0.595	    -0.090	     0.066	     0.605
  3.486000	     0.605	    -0.112	     0.053	     0.618
  3.489320	     0.596	    -0.115	     0.078	     0.612
  3.492640	     0.586	    -0.092	     0.053	     0.596
  3.495960	     0.595	    -0.112	     0.051	     0.608
  3.499280	     0.586	    -0.101	     0.053	     0.597
  3.502600	     0.599	    -0.094	     0.075	     0.611
  3.505920	     0.585	    -0.120	     0.044	     0.599
  3.509240	     0.601	    -0.116	     0.064	     0.615
  3.512560	     0.595	    -0.086	     0.072	     0.605
  3.515880	     0.599	    -0.092	     0.089	     0.613
  3.519200	     0.607	    -0.103	     0.056	     0.618
  3.522520	     0.592	    -0.118	     0.059	     0.607
  3.525840	     0.591	    -0.114	     0.069	     0.606
  3.529160	     0.592	    -0.097	     0.078	     0.605
  3.532480	     0.616	    -0.125	     0.067	     0.632
  3.535800	     0.626	    -0.088	     0.109	     0.641
  3.539120	     0.584	    -0.098	     0.062	     0.595
  3.542440	     0.605	    -0.103	     0.075	     0.618
  3.545760	     0.610	    -0.079	     0.050	     0.617
  3.549080	     0.591	    -0.091	     0.058	     0.601
  3.552400	     0.585	    -0.094	     0.099	     0.601
  3.555720	     0.593	    -0.108	     0.086	     0.609
  3.559040	     0.578	    -0.099	     0.062	     0.590
  3.562360	     0.577	    -0.136	     0.053	     0.595
  3.565680	     0.573	    -0.071	     0.084	     0.583
  3.569000	     0.608	    -0.100	     0.075	     0.621
  3.572320	     0.573	    -0.094	     0.070	     0.585
  3.575640	     0.625	    -0.089	     0.061	     0.634
  3.578960	     0.598	    -0.104	     0.082	     0.612
  3.582280	     0.567	    -0.082	     0.050	     0.575
  3.585600	     0.598	    -0.110	     0.062	     0.611
  3.588920	     0.577	    -0.077	     0.055	     0.585
  3.592240	     0.605	    -0.104	     0.117	     0.625
  3.595560	     0.598	    -0.103	     0.056	     0.609
  3.598880	     0.580	    -0.109	     0.080	     0.596
  3.602200	     0.594	    -0.097	     0.069	     0.606
  3.605520	     0.587	    -0.085	     0.068	     0.597
  3.608840	     0.574	    -0.102	     0.062	     0.586
  3.612160	     0.583	    -0.110	     0.087	     0.600
  3.615480	     0.590	    -0.130	     0.072	     0.608
  3.618800	     0.556	    -0.103	     0.057	     0.568
  3.622120	     0.587	    -0.110	     0.089	     0.604
  3.625440	     0.596	    -0.117	     0.066	     0.611
  3.628760	     0.585	    -0.105	     0.065	     0.598
  3.632080	     0.611	    -0.101	     0.077	     0.624
  3.635400	     0.594	    -0.106	     0.053	     0.606
  3.638720	     0.584	    -0.110	     0.075	     0.599
  3.642040	     0.595	    -0.083	     0.074	     0.605
  3.645360	     0.587	    -0.077	     0.063	     0.595
  3.648680	     0.581	    -0.089	     0.077	     0.593
  3.652000	     0.578	    -0.088	     0.071	     0.589
  3.655320	     0.597	    -0.121	     0.061	     0.612
  3.658640	     0.604	    -0.100	     0.067	     0.616
  3.661960	     0.586	    -0.095	     0.069	     0.598
  3.665280	     0.605	    -0.110	     0.075	     0.619
  3.668600	     0.579	    -0.104	     0.081	     0.594
  3.671920	     0.595	    -0.114	     0.094	     0.613
  3.675240	     0.592	    -0.101	     0.060	     0.604
  3.678560	     0.584	    -0.107	     0.081	     0.599
  3.681880	     0.600	    -0.089	     0.067	     0.610
  3.685200	     0.592	    -0.102	     0.084	     0.607
  3.688520	     0.568	    -0.124	     0.080	     0.587
  3.691840	     0.576	    -0.096	     0.096	     0.592
  3.695160	     0.581	    -0.094	     0.069	     0.593
  3.698480	     0.600	    -0.131	     0.079	     0.619
  3.701800	     0.571	    -0.088	     0.061	     0.581
  3.705120	     0.598	    -0.085	     0.080	     0.609
  3.708440	     0.588	    -0.096	     0.070	     0.600
  3.711760	     0.583	    -0.105	     0.061	     0.596
  3.715080	     0.571	    -0.099	     0.053	     0.582
  3.718400	     0.573	    -0.104	     0.077	     0.587
  3.721720	     0.584	    -0.096	     0.067	     0.596
  3.725040	     0.591	    -0.119	     0.099	     0.611
  3.728360	     0.602	    -0.103	     0.077	     0.616
  3.731680	     0.616	    -0.099	     0.070	     0.628
  3.735000	     0.598	    -0.091	     0.064	     0.608
  3.738320	     0.595	    -0.081	     0.084	     0.606
  3.741640	     0.598	    -0.102	     0.058	     0.609
  3.744960	     0.590	    -0.105	     0.070	     0.603
  3.748280	     0.568	    -0.088	     0.078	     0.580
  3.751600	     0.579	    -0.091	     0.064	     0.590
  3.754920	     0.597	    -0.108	     0.077	     0.612
  3.758240	     0.568	    -0.102	     0.084	     0.583
  3.761560	     0.595	    -0.090	     0.069	     0.606
  3.764880	     0.582	    -0.102	     0.068	     0.595
  3.768200	     0.587	    -0.099	     0.080	     0.601
  3.771520	     0.592	    -0.096	     0.048	     0.602
  3.774840	     0.581	    -0.088	     0.087	     0.594
  3.778160	     0.584	    -0.131	     0.052	     0.601
  3.781480	     0.578	    -0.116	     0.074	     0.594
  3.784800	     0.630	    -0.121	     0.069	     0.645
  3.788120	     0.598	    -0.105	     0.051	     0.609
  3.791440	     0.620	    -0.088	     0.102	     0.634
  3.794760	     0.586	    -0.125	     0.071	     0.603
  3.798080	     0.610	    -0.107	     0.065	     0.623
  3.801400	     0.587	    -0.089	     0.108	     0.603
  3.804720	     0.568	    -0.083	     0.063	     0.577
  3.808040	     0.597	    -0.100	     0.067	     0.609
  3.811360	     0.585	    -0.108	     0.078	     0.600
  3.814680	     0.594	    -0.076	     0.087	     0.605
  3.818000	     0.608	    -0.087	     0.074	     0.619
  3.821320	     0.604	    -0.099	     0.059	     0.615
  3.824640	     0.597	    -0.100	     0.087	     0.612
  3.827960	     0.602	    -0.100	     0.080	     0.615
  3.831280	     0.611	    -0.110	     0.077	     0.626
  3.834600	     0.600	    -0.084	     0.070	     0.610
  3.837920	     0.629	    -0.120	     0.069	     0.644
  3.841240	     0.578	    -0.103	     0.063	     0.590
  3.844560	     0.629	    -0.087	     0.056	     0.637
  3.847880	     0.579	    -0.096	     0.068	     0.591
  3.851200	     0.571	    -0.106	     0.055	     0.583
  3.854520	     0.592	    -0.087	     0.067	     0.602
  3.857840	     0.581	    -0.121	     0.072	     0.598
  3.861160	     0.597	    -0.097	     0.038	     0.606
  3.864480	     0.561	    -0.111	     0.082	     0.578
  3.867800	     0.595	    -0.104	     0.058	     0.607
  3.871120	     0.601	    -0.091	     0.078	     0.613
  3.874440	     0.575	    -0.105	     0.069	     0.589
  3.877760	     0.579	    -0.108	     0.063	     0.592
  3.881080	     0.612	    -0.078	     0.090	     0.623
  3.884400	     0.568	    -0.127	     0.053	     0.584
  3.887720	     0.597	    -0.095	     0.082	     0.610
  3.891040	     0.579	    -0.105	     0.065	     0.592
  3.894360	     0.581	    -0.096	     0.077	     0.594
  3.897680	     0.604	    -0.100	     0.084	     0.618
  3.901000	     0.568	    -0.084	     0.065	     0.578
  3.904320	     0.585	    -0.125	     0.063	     0.602
  3.907640	     0.581	    -0.141	     0.072	     0.602
  3.910960	     0.565	    -0.096	     0.083	     0.579
  3.914280	     0.588	    -0.097	     0.079	     0.601
  3.917600	     0.570	    -0.098	     0.056	     0.581
  3.920920	     0.592	    -0.100	     0.075	     0.605
  3.924240	     0.583	    -0.121	     0.083	     0.601
  3.927560	     0.602	    -0.120	     0.059	     0.617
  3.930880	     0.598	    -0.116	     0.065	     0.613
  3.934200	     0.614	    -0.105	     0.062	     0.626
  3.937520	     0.576	    -0.091	     0.071	     0.587
  3.940840	     0.595	    -0.110	     0.098	     0.613
  3.944160	     0.595	    -0.123	     0.080	     0.613
  3.947480	     0.595	    -0.078	     0.056	     0.603
  3.950800	     0.589	    -0.074	     0.074	     0.598
  3.954120	     0.596	    -0.082	     0.065	     0.605
  3.957440	     0.595	    -0.079	     0.068	     0.604
  3.960760	     0.578	    -0.105	     0.080	     0.593
  3.964080	     0.590	    -0.112	     0.069	     0.604
  3.967400	     0.560	    -0.099	     0.050	     0.571
  3.970720	     0.572	    -0.110	     0.080	     0.588
  3.974040	     0.562	    -0.087	     0.049	     0.571
  3.977360	     0.598	    -0.099	     0.089	     0.613
  3.980680	     0.578	    -0.105	     0.079	     0.593
  3.984000	     0.573	    -0.103	     0.074	     0.587
  3.987320	     0.580	    -0.100	     0.089	     0.595
  3.990640	     0.594	    -0.088	     0.050	     0.603
  3.993960	     0.607	    -0.096	     0.072	     0.619
  3.997280	     0.571	    -0.100	     0.052	     0.582
