All   channel acquired
Date[dd-mm-yy]= 02-07-21   Time= 16:34:40
  time[s]	      Bx[mT]	     By[mT]	      Bz[mT]	     Bmod[mT]
  0.003320	    -0.074	     0.041	     0.044	     0.095
  0.006640	    -0.071	     0.048	     0.080	     0.117
  0.009960	    -0.092	     0.049	     0.044	     0.113
  0.013280	    -0.062	     0.041	     0.064	     0.098
  0.016600	    -0.065	     0.052	     0.059	     0.102
  0.019920	    -0.052	     0.030	     0.069	     0.091
  0.023240	    -0.058	     0.039	     0.081	     0.107
  0.026560	    -0.058	     0.038	     0.056	     0.089
  0.029880	    -0.094	     0.040	     0.057	     0.117
  0.033200	    -0.090	     0.032	     0.056	     0.111
  0.036520	    -0.092	     0.007	     0.064	     0.112
  0.039840	    -0.094	     0.016	     0.067	     0.117
  0.043160	    -0.113	     0.005	     0.056	     0.126
  0.046480	    -0.065	     0.019	     0.050	     0.084
  0.049800	    -0.069	     0.025	     0.069	     0.101
  0.053120	    -0.047	     0.041	     0.061	     0.087
  0.056440	    -0.047	     0.032	     0.083	     0.101
  0.059760	    -0.074	     0.037	     0.032	     0.089
  0.063080	    -0.070	     0.041	     0.063	     0.103
  0.066400	    -0.085	     0.025	     0.060	     0.107
  0.069720	    -0.068	     0.024	     0.059	     0.093
  0.073040	    -0.057	     0.025	     0.054	     0.082
  0.076360	    -0.070	     0.032	     0.061	     0.098
  0.079680	    -0.057	     0.062	     0.055	     0.101
  0.083000	    -0.065	     0.019	     0.058	     0.089
  0.086320	    -0.066	     0.029	     0.071	     0.101
  0.089640	    -0.073	     0.041	     0.048	     0.097
  0.092960	    -0.093	     0.040	     0.050	     0.113
  0.096280	    -0.083	     0.041	     0.040	     0.101
  0.099600	    -0.069	     0.018	     0.041	     0.082
  0.102920	    -0.088	     0.017	     0.044	     0.100
  0.106240	    -0.073	     0.025	     0.065	     0.101
  0.109560	    -0.082	     0.012	     0.075	     0.112
  0.112880	    -0.070	     0.023	     0.035	     0.082
  0.116200	    -0.075	     0.023	     0.064	     0.101
  0.119520	    -0.059	     0.022	     0.064	     0.090
  0.122840	    -0.081	     0.031	     0.073	     0.113
  0.126160	    -0.080	     0.024	     0.089	     0.122
  0.129480	    -0.074	     0.044	     0.055	     0.102
  0.132800	    -0.092	     0.025	     0.076	     0.122
  0.136120	    -0.055	     0.041	     0.072	     0.099
  0.139440	    -0.094	     0.041	     0.061	     0.119
  0.142760	    -0.088	     0.063	     0.059	     0.123
  0.146080	    -0.080	     0.005	     0.091	     0.121
  0.149400	    -0.051	     0.012	     0.037	     0.064
  0.152720	    -0.089	     0.030	     0.052	     0.107
  0.156040	    -0.077	     0.019	     0.071	     0.106
  0.159360	    -0.056	     0.040	     0.064	     0.094
  0.162680	    -0.048	     0.052	     0.069	     0.099
  0.166000	    -0.039	     0.046	     0.057	     0.083
  0.169320	    -0.064	     0.032	     0.085	     0.111
  0.172640	    -0.093	     0.049	     0.043	     0.114
  0.175960	    -0.057	     0.043	     0.059	     0.093
  0.179280	    -0.081	     0.016	     0.071	     0.109
  0.182600	    -0.054	     0.034	     0.069	     0.094
  0.185920	    -0.075	     0.070	     0.046	     0.112
  0.189240	    -0.079	     0.042	     0.064	     0.110
  0.192560	    -0.081	     0.061	     0.069	     0.123
  0.195880	    -0.068	     0.053	     0.074	     0.114
  0.199200	    -0.107	     0.022	     0.052	     0.121
  0.202520	    -0.081	     0.050	     0.082	     0.126
  0.205840	    -0.073	     0.025	     0.071	     0.105
  0.209160	    -0.078	     0.046	     0.051	     0.104
  0.212480	    -0.076	     0.033	     0.028	     0.087
  0.215800	    -0.062	     0.035	     0.008	     0.072
  0.219120	    -0.095	     0.050	     0.027	     0.111
  0.222440	    -0.070	     0.030	     0.058	     0.096
  0.225760	    -0.085	     0.014	     0.062	     0.106
  0.229080	    -0.063	     0.037	     0.041	     0.084
  0.232400	    -0.072	     0.045	     0.057	     0.102
  0.235720	    -0.045	     0.012	     0.041	     0.062
  0.239040	    -0.071	     0.012	     0.049	     0.087
  0.242360	    -0.070	     0.028	     0.069	     0.102
  0.245680	    -0.081	     0.041	     0.053	     0.105
  0.249000	    -0.054	     0.014	     0.064	     0.085
  0.252320	    -0.095	     0.014	     0.061	     0.114
  0.255640	    -0.061	     0.048	     0.066	     0.102
  0.258960	    -0.068	     0.014	     0.035	     0.078
  0.262280	    -0.058	     0.034	     0.065	     0.094
  0.265600	    -0.075	     0.046	     0.034	     0.094
  0.268920	    -0.079	     0.051	     0.058	     0.110
  0.272240	    -0.068	     0.015	     0.061	     0.093
  0.275560	    -0.092	     0.030	     0.044	     0.106
  0.278880	    -0.089	     0.044	     0.034	     0.105
  0.282200	    -0.081	     0.065	     0.042	     0.112
  0.285520	    -0.050	     0.021	     0.061	     0.082
  0.288840	    -0.071	     0.023	     0.064	     0.098
  0.292160	    -0.077	     0.034	     0.061	     0.104
  0.295480	    -0.034	     0.042	     0.076	     0.093
  0.298800	    -0.071	     0.039	     0.058	     0.100
  0.302120	    -0.072	     0.045	     0.069	     0.109
  0.305440	    -0.033	     0.021	     0.021	     0.044
  0.308760	    -0.055	     0.034	     0.038	     0.075
  0.312080	    -0.081	     0.016	     0.036	     0.090
  0.315400	    -0.028	     0.025	     0.074	     0.083
  0.318720	    -0.077	     0.024	     0.083	     0.116
  0.322040	    -0.070	     0.056	     0.066	     0.111
  0.325360	    -0.078	     0.026	     0.077	     0.113
  0.328680	    -0.077	     0.050	     0.089	     0.128
  0.332000	    -0.069	     0.059	     0.073	     0.116
  0.335320	    -0.056	     0.025	     0.075	     0.097
  0.338640	    -0.062	     0.063	     0.053	     0.103
  0.341960	    -0.084	     0.032	     0.069	     0.113
  0.345280	    -0.044	     0.020	     0.069	     0.084
  0.348600	    -0.037	     0.057	     0.101	     0.122
  0.351920	    -0.048	     0.034	     0.067	     0.089
  0.355240	    -0.077	     0.014	     0.068	     0.104
  0.358560	    -0.076	     0.066	     0.056	     0.115
  0.361880	    -0.073	     0.014	     0.057	     0.094
  0.365200	    -0.058	     0.039	     0.023	     0.074
  0.368520	    -0.055	     0.041	     0.055	     0.088
  0.371840	    -0.085	     0.028	     0.041	     0.098
  0.375160	    -0.092	     0.043	     0.069	     0.123
  0.378480	    -0.092	     0.017	     0.049	     0.106
  0.381800	    -0.082	     0.003	     0.055	     0.099
  0.385120	    -0.062	     0.059	     0.059	     0.104
  0.388440	    -0.076	     0.036	     0.065	     0.106
  0.391760	    -0.065	     0.017	     0.047	     0.082
  0.395080	    -0.082	     0.036	     0.056	     0.106
  0.398400	    -0.075	     0.058	     0.064	     0.114
  0.401720	    -0.092	     0.043	     0.052	     0.114
  0.405040	    -0.069	     0.030	     0.061	     0.097
  0.408360	    -0.086	     0.023	     0.055	     0.105
  0.411680	    -0.062	     0.015	     0.081	     0.103
  0.415000	    -0.085	     0.041	     0.078	     0.122
  0.418320	    -0.073	     0.034	     0.053	     0.096
  0.421640	    -0.064	     0.032	     0.042	     0.083
  0.424960	    -0.073	     0.012	     0.055	     0.092
  0.428280	    -0.082	     0.032	     0.059	     0.106
  0.431600	    -0.057	     0.054	     0.048	     0.092
  0.434920	    -0.057	     0.021	     0.067	     0.090
  0.438240	    -0.065	     0.024	     0.077	     0.104
  0.441560	    -0.084	     0.080	     0.059	     0.130
  0.444880	    -0.055	     0.045	     0.062	     0.094
  0.448200	    -0.085	     0.023	     0.059	     0.106
  0.451520	    -0.076	     0.052	     0.071	     0.116
  0.454840	    -0.051	     0.042	     0.071	     0.097
  0.458160	    -0.038	     0.005	     0.086	     0.094
  0.461480	    -0.051	     0.026	     0.074	     0.094
  0.464800	    -0.054	     0.062	     0.067	     0.106
  0.468120	    -0.059	     0.054	     0.083	     0.115
  0.471440	    -0.072	     0.051	     0.071	     0.113
  0.474760	    -0.049	     0.037	     0.068	     0.092
  0.478080	    -0.065	     0.010	     0.077	     0.101
  0.481400	    -0.047	     0.027	     0.035	     0.065
  0.484720	    -0.073	    -0.001	     0.074	     0.104
  0.488040	    -0.093	     0.027	     0.072	     0.121
  0.491360	    -0.092	     0.013	     0.076	     0.120
  0.494680	    -0.081	     0.016	     0.050	     0.097
  0.498000	    -0.099	     0.011	     0.063	     0.118
  0.501320	    -0.047	     0.045	     0.086	     0.108
  0.504640	    -0.080	     0.014	     0.065	     0.104
  0.507960	    -0.082	     0.046	     0.084	     0.126
  0.511280	    -0.073	     0.013	     0.072	     0.103
  0.514600	    -0.072	     0.036	     0.075	     0.110
  0.517920	    -0.067	     0.052	     0.069	     0.109
  0.521240	    -0.092	     0.026	     0.057	     0.111
  0.524560	    -0.080	     0.033	     0.071	     0.112
  0.527880	    -0.078	     0.026	     0.073	     0.110
  0.531200	    -0.068	     0.045	     0.074	     0.110
  0.534520	    -0.118	     0.030	     0.066	     0.138
  0.537840	    -0.090	     0.017	     0.054	     0.106
  0.541160	    -0.080	     0.018	     0.059	     0.101
  0.544480	    -0.087	     0.041	     0.047	     0.107
  0.547800	    -0.084	     0.028	     0.044	     0.099
  0.551120	    -0.050	     0.002	     0.068	     0.084
  0.554440	    -0.084	     0.021	     0.050	     0.100
  0.557760	    -0.059	     0.050	     0.045	     0.089
  0.561080	    -0.090	     0.037	     0.056	     0.112
  0.564400	    -0.068	     0.028	     0.077	     0.106
  0.567720	    -0.078	     0.035	     0.051	     0.100
  0.571040	    -0.092	     0.009	     0.078	     0.121
  0.574360	    -0.058	     0.032	     0.084	     0.107
  0.577680	    -0.060	     0.022	     0.041	     0.076
  0.581000	    -0.050	     0.025	     0.074	     0.093
  0.584320	    -0.059	     0.014	     0.055	     0.082
  0.587640	    -0.023	     0.006	     0.063	     0.067
  0.590960	    -0.065	     0.045	     0.037	     0.087
  0.594280	    -0.046	     0.013	     0.067	     0.082
  0.597600	    -0.054	     0.037	     0.037	     0.075
  0.600920	    -0.079	     0.042	     0.053	     0.104
  0.604240	    -0.067	     0.032	     0.047	     0.088
  0.607560	    -0.067	     0.054	     0.046	     0.098
  0.610880	    -0.090	     0.030	     0.066	     0.116
  0.614200	    -0.068	     0.048	     0.049	     0.097
  0.617520	    -0.089	     0.028	     0.046	     0.104
  0.620840	    -0.087	     0.024	     0.062	     0.109
  0.624160	    -0.060	     0.027	     0.065	     0.092
  0.627480	    -0.077	     0.030	     0.067	     0.106
  0.630800	    -0.063	     0.051	     0.075	     0.110
  0.634120	    -0.056	     0.048	     0.059	     0.094
  0.637440	    -0.060	     0.046	     0.070	     0.103
  0.640760	    -0.069	     0.036	     0.047	     0.091
  0.644080	    -0.035	     0.034	     0.039	     0.062
  0.647400	    -0.060	     0.063	     0.053	     0.102
  0.650720	    -0.067	     0.023	     0.075	     0.103
  0.654040	    -0.096	     0.021	     0.027	     0.102
  0.657360	    -0.050	     0.044	     0.076	     0.101
  0.660680	    -0.073	     0.042	     0.062	     0.105
  0.664000	    -0.066	     0.025	     0.067	     0.097
  0.667320	    -0.091	     0.007	     0.064	     0.111
  0.670640	    -0.110	     0.023	     0.049	     0.123
  0.673960	    -0.073	     0.045	     0.079	     0.117
  0.677280	    -0.080	     0.037	     0.067	     0.111
  0.680600	    -0.050	     0.025	     0.077	     0.095
  0.683920	    -0.032	     0.028	     0.050	     0.066
  0.687240	    -0.050	     0.041	     0.048	     0.081
  0.690560	    -0.073	     0.026	     0.061	     0.099
  0.693880	    -0.062	     0.006	     0.080	     0.101
  0.697200	    -0.028	     0.025	     0.087	     0.095
  0.700520	    -0.065	     0.026	     0.071	     0.100
  0.703840	    -0.060	     0.029	     0.056	     0.087
  0.707160	    -0.050	     0.055	     0.067	     0.100
  0.710480	    -0.071	     0.028	     0.077	     0.108
  0.713800	    -0.045	     0.050	     0.056	     0.088
  0.717120	    -0.039	     0.031	     0.050	     0.071
  0.720440	    -0.054	     0.017	     0.065	     0.086
  0.723760	    -0.053	     0.046	     0.063	     0.094
  0.727080	    -0.055	     0.027	     0.057	     0.084
  0.730400	    -0.047	     0.037	     0.056	     0.082
  0.733720	    -0.057	     0.041	     0.074	     0.102
  0.737040	    -0.037	     0.050	     0.037	     0.072
  0.740360	    -0.085	     0.017	     0.077	     0.116
  0.743680	    -0.040	     0.010	     0.062	     0.074
  0.747000	    -0.047	     0.021	     0.047	     0.070
  0.750320	    -0.067	     0.056	     0.078	     0.117
  0.753640	    -0.043	     0.052	     0.055	     0.087
  0.756960	    -0.059	     0.055	     0.052	     0.096
  0.760280	    -0.060	     0.024	     0.080	     0.103
  0.763600	    -0.038	     0.023	     0.046	     0.064
  0.766920	    -0.055	     0.023	     0.072	     0.093
  0.770240	    -0.062	     0.026	     0.057	     0.088
  0.773560	    -0.067	     0.036	     0.048	     0.090
  0.776880	    -0.065	     0.051	     0.057	     0.100
  0.780200	    -0.070	     0.039	     0.086	     0.118
  0.783520	    -0.083	     0.019	     0.074	     0.113
  0.786840	    -0.054	     0.045	     0.078	     0.105
  0.790160	    -0.068	     0.036	     0.079	     0.110
  0.793480	    -0.056	     0.046	     0.062	     0.095
  0.796800	    -0.078	     0.038	     0.072	     0.113
  0.800120	    -0.058	     0.043	     0.050	     0.088
  0.803440	    -0.063	     0.021	     0.061	     0.090
  0.806760	    -0.043	     0.060	     0.065	     0.098
  0.810080	    -0.051	     0.036	     0.068	     0.092
  0.813400	    -0.063	     0.024	     0.075	     0.101
  0.816720	    -0.050	     0.075	     0.074	     0.117
  0.820040	    -0.063	     0.054	     0.084	     0.118
  0.823360	    -0.072	     0.053	     0.064	     0.110
  0.826680	    -0.048	     0.048	     0.061	     0.091
  0.830000	    -0.037	     0.046	     0.041	     0.072
  0.833320	    -0.052	     0.033	     0.046	     0.077
  0.836640	    -0.063	     0.039	     0.051	     0.090
  0.839960	    -0.062	     0.074	     0.040	     0.104
  0.843280	    -0.057	     0.056	     0.052	     0.095
  0.846600	    -0.051	     0.037	     0.078	     0.100
  0.849920	    -0.057	     0.044	     0.061	     0.094
  0.853240	    -0.035	     0.059	     0.059	     0.090
  0.856560	    -0.067	     0.029	     0.041	     0.084
  0.859880	    -0.078	     0.040	     0.043	     0.098
  0.863200	    -0.062	     0.041	     0.049	     0.089
  0.866520	    -0.054	     0.041	     0.055	     0.087
  0.869840	    -0.058	     0.055	     0.041	     0.090
  0.873160	    -0.065	     0.011	     0.090	     0.112
  0.876480	    -0.052	     0.005	     0.043	     0.068
  0.879800	    -0.058	     0.030	     0.071	     0.096
  0.883120	    -0.075	     0.035	     0.036	     0.090
  0.886440	    -0.053	     0.044	     0.064	     0.094
  0.889760	    -0.058	     0.032	     0.056	     0.087
  0.893080	    -0.080	     0.022	     0.070	     0.109
  0.896400	    -0.068	     0.025	     0.062	     0.095
  0.899720	    -0.072	     0.028	     0.073	     0.106
  0.903040	    -0.064	     0.046	     0.075	     0.109
  0.906360	    -0.061	     0.010	     0.062	     0.088
  0.909680	    -0.081	     0.050	     0.055	     0.110
  0.913000	    -0.077	     0.035	     0.045	     0.096
  0.916320	    -0.074	     0.031	     0.059	     0.100
  0.919640	    -0.045	     0.045	     0.055	     0.084
  0.922960	    -0.097	     0.050	     0.080	     0.135
  0.926280	    -0.103	     0.012	     0.047	     0.114
  0.929600	    -0.077	     0.017	     0.059	     0.098
  0.932920	    -0.078	     0.011	     0.053	     0.095
  0.936240	    -0.065	     0.045	     0.055	     0.096
  0.939560	    -0.065	     0.022	     0.080	     0.105
  0.942880	    -0.100	     0.030	     0.055	     0.118
  0.946200	    -0.064	     0.056	     0.049	     0.098
  0.949520	    -0.078	     0.036	     0.059	     0.104
  0.952840	    -0.076	     0.041	     0.061	     0.106
  0.956160	    -0.060	     0.034	     0.048	     0.084
  0.959480	    -0.083	     0.032	     0.059	     0.107
  0.962800	    -0.048	     0.026	     0.056	     0.078
  0.966120	    -0.079	     0.022	     0.068	     0.107
  0.969440	    -0.063	     0.050	     0.049	     0.094
  0.972760	    -0.065	     0.008	     0.050	     0.082
  0.976080	    -0.075	     0.043	     0.072	     0.113
  0.979400	    -0.079	     0.021	     0.054	     0.098
  0.982720	    -0.093	     0.035	     0.062	     0.117
  0.986040	    -0.086	     0.032	     0.067	     0.114
  0.989360	    -0.073	     0.021	     0.068	     0.102
  0.992680	    -0.079	     0.051	     0.063	     0.113
  0.996000	    -0.068	     0.045	     0.060	     0.101
  0.999320	    -0.070	     0.036	     0.061	     0.100
  1.002640	    -0.080	     0.016	     0.053	     0.097
  1.005960	    -0.066	     0.008	     0.037	     0.076
  1.009280	    -0.079	     0.044	     0.045	     0.101
  1.012600	    -0.074	     0.012	     0.043	     0.086
  1.015920	    -0.072	     0.041	     0.062	     0.103
  1.019240	    -0.078	     0.039	     0.073	     0.114
  1.022560	    -0.105	     0.034	     0.062	     0.127
  1.025880	    -0.076	     0.052	     0.055	     0.107
  1.029200	    -0.073	     0.007	     0.086	     0.113
  1.032520	    -0.073	     0.030	     0.074	     0.108
  1.035840	    -0.070	     0.048	     0.049	     0.098
  1.039160	    -0.071	     0.045	     0.054	     0.100
  1.042480	    -0.057	     0.028	     0.077	     0.100
  1.045800	    -0.088	     0.046	     0.073	     0.123
  1.049120	    -0.038	     0.038	     0.047	     0.071
  1.052440	    -0.084	     0.052	     0.038	     0.106
  1.055760	    -0.072	     0.049	     0.068	     0.110
  1.059080	    -0.105	     0.030	     0.055	     0.122
  1.062400	    -0.070	     0.008	     0.078	     0.105
  1.065720	    -0.077	     0.032	     0.054	     0.099
  1.069040	    -0.060	     0.029	     0.068	     0.095
  1.072360	    -0.073	     0.015	     0.056	     0.093
  1.075680	    -0.078	     0.037	     0.083	     0.120
  1.079000	    -0.070	     0.031	     0.057	     0.095
  1.082320	    -0.059	     0.052	     0.060	     0.099
  1.085640	    -0.078	     0.037	     0.062	     0.106
  1.088960	    -0.093	     0.034	     0.072	     0.122
  1.092280	    -0.076	     0.043	     0.055	     0.103
  1.095600	    -0.055	     0.037	     0.061	     0.090
  1.098920	    -0.053	     0.046	     0.074	     0.102
  1.102240	    -0.082	     0.045	     0.061	     0.112
  1.105560	    -0.080	     0.047	     0.093	     0.131
  1.108880	    -0.094	     0.008	     0.074	     0.120
  1.112200	    -0.084	     0.024	     0.044	     0.098
  1.115520	    -0.088	     0.037	     0.048	     0.107
  1.118840	    -0.088	     0.053	     0.033	     0.108
  1.122160	    -0.082	     0.054	     0.055	     0.113
  1.125480	    -0.083	     0.048	     0.057	     0.112
  1.128800	    -0.072	     0.039	     0.059	     0.101
  1.132120	    -0.057	     0.034	     0.056	     0.087
  1.135440	    -0.072	     0.015	     0.045	     0.086
  1.138760	    -0.059	     0.022	     0.047	     0.079
  1.142080	    -0.056	     0.041	     0.064	     0.094
  1.145400	    -0.078	     0.042	     0.064	     0.109
  1.148720	    -0.070	     0.049	     0.064	     0.107
  1.152040	    -0.089	     0.007	     0.052	     0.103
  1.155360	    -0.047	     0.043	     0.088	     0.109
  1.158680	    -0.081	     0.016	     0.071	     0.109
  1.162000	    -0.074	     0.040	     0.041	     0.094
  1.165320	    -0.061	     0.017	     0.069	     0.094
  1.168640	    -0.055	     0.043	     0.050	     0.086
  1.171960	    -0.057	     0.037	     0.058	     0.089
  1.175280	    -0.029	     0.044	     0.053	     0.075
  1.178600	    -0.047	     0.036	     0.053	     0.079
  1.181920	    -0.058	     0.034	     0.077	     0.102
  1.185240	    -0.071	     0.038	     0.068	     0.105
  1.188560	    -0.040	     0.039	     0.068	     0.088
  1.191880	    -0.069	     0.030	     0.055	     0.093
  1.195200	    -0.055	     0.037	     0.053	     0.085
  1.198520	    -0.045	     0.034	     0.064	     0.085
  1.201840	    -0.062	     0.051	     0.049	     0.094
  1.205160	    -0.033	     0.058	     0.052	     0.085
  1.208480	    -0.032	     0.046	     0.043	     0.071
  1.211800	    -0.045	     0.059	     0.047	     0.088
  1.215120	    -0.036	     0.036	     0.055	     0.075
  1.218440	    -0.030	     0.019	     0.072	     0.080
  1.221760	    -0.078	     0.033	     0.028	     0.089
  1.225080	    -0.054	     0.041	     0.049	     0.084
  1.228400	    -0.042	     0.022	     0.029	     0.056
  1.231720	    -0.075	     0.039	     0.050	     0.098
  1.235040	    -0.042	     0.052	     0.041	     0.078
  1.238360	    -0.048	     0.041	     0.053	     0.082
  1.241680	    -0.053	     0.022	     0.054	     0.079
  1.245000	    -0.051	     0.037	     0.041	     0.075
  1.248320	    -0.073	     0.046	     0.040	     0.095
  1.251640	    -0.059	     0.032	     0.075	     0.101
  1.254960	    -0.049	     0.026	     0.058	     0.080
  1.258280	    -0.069	     0.059	     0.057	     0.107
  1.261600	    -0.077	     0.045	     0.069	     0.113
  1.264920	    -0.097	     0.034	     0.063	     0.121
  1.268240	    -0.037	     0.045	     0.065	     0.087
  1.271560	    -0.082	     0.047	     0.058	     0.111
  1.274880	    -0.083	     0.050	     0.062	     0.115
  1.278200	    -0.066	     0.019	     0.046	     0.083
  1.281520	    -0.062	     0.025	     0.056	     0.087
  1.284840	    -0.084	     0.053	     0.058	     0.115
  1.288160	    -0.072	     0.050	     0.056	     0.104
  1.291480	    -0.072	     0.059	     0.049	     0.105
  1.294800	    -0.092	     0.057	     0.057	     0.122
  1.298120	    -0.050	     0.045	     0.048	     0.083
  1.301440	    -0.092	     0.045	     0.063	     0.120
  1.304760	    -0.060	     0.033	     0.069	     0.097
  1.308080	    -0.077	     0.028	     0.073	     0.110
  1.311400	    -0.057	     0.011	     0.057	     0.081
  1.314720	    -0.064	    -0.007	     0.055	     0.085
  1.318040	    -0.072	     0.041	     0.050	     0.097
  1.321360	    -0.080	     0.019	     0.059	     0.101
  1.324680	    -0.085	     0.007	     0.062	     0.105
  1.328000	    -0.066	     0.045	     0.087	     0.118
  1.331320	    -0.070	     0.028	     0.056	     0.094
  1.334640	    -0.087	     0.035	     0.059	     0.111
  1.337960	    -0.077	     0.028	     0.039	     0.091
  1.341280	    -0.070	     0.032	     0.052	     0.093
  1.344600	    -0.070	     0.063	     0.078	     0.122
  1.347920	    -0.057	     0.041	     0.052	     0.087
  1.351240	    -0.084	     0.040	     0.062	     0.112
  1.354560	    -0.078	     0.071	     0.075	     0.129
  1.357880	    -0.059	     0.016	     0.082	     0.102
  1.361200	    -0.097	     0.026	     0.069	     0.122
  1.364520	    -0.070	     0.029	     0.046	     0.089
  1.367840	    -0.084	     0.010	     0.056	     0.101
  1.371160	    -0.078	     0.026	     0.046	     0.094
  1.374480	    -0.073	     0.038	     0.070	     0.108
  1.377800	    -0.055	     0.051	     0.087	     0.115
  1.381120	    -0.078	     0.060	     0.065	     0.118
  1.384440	    -0.078	     0.026	     0.053	     0.098
  1.387760	    -0.087	     0.050	     0.050	     0.112
  1.391080	    -0.104	     0.023	     0.058	     0.121
  1.394400	    -0.082	     0.024	     0.045	     0.097
  1.397720	    -0.057	     0.063	     0.074	     0.113
  1.401040	    -0.072	     0.033	     0.067	     0.104
  1.404360	    -0.068	     0.044	     0.039	     0.090
  1.407680	    -0.070	     0.039	     0.059	     0.100
  1.411000	    -0.088	     0.047	     0.089	     0.134
  1.414320	    -0.108	     0.020	     0.046	     0.119
  1.417640	    -0.069	     0.046	     0.067	     0.107
  1.420960	    -0.045	     0.041	     0.074	     0.096
  1.424280	    -0.078	     0.026	     0.062	     0.103
  1.427600	    -0.064	     0.025	     0.050	     0.085
  1.430920	    -0.088	     0.021	     0.044	     0.101
  1.434240	    -0.077	     0.044	     0.059	     0.107
  1.437560	    -0.090	     0.012	     0.058	     0.108
  1.440880	    -0.055	     0.030	     0.043	     0.076
  1.444200	    -0.084	     0.040	     0.080	     0.123
  1.447520	    -0.075	     0.021	     0.051	     0.093
  1.450840	    -0.083	     0.001	     0.062	     0.104
  1.454160	    -0.062	     0.050	     0.041	     0.090
  1.457480	    -0.071	     0.028	     0.044	     0.088
  1.460800	    -0.075	     0.033	     0.080	     0.115
  1.464120	    -0.055	     0.052	     0.065	     0.100
  1.467440	    -0.066	     0.037	     0.062	     0.098
  1.470760	    -0.065	     0.016	     0.050	     0.084
  1.474080	    -0.084	     0.022	     0.081	     0.119
  1.477400	    -0.074	     0.025	     0.061	     0.099
  1.480720	    -0.070	     0.032	     0.066	     0.101
  1.484040	    -0.070	     0.044	     0.096	     0.127
  1.487360	    -0.063	     0.044	     0.047	     0.090
  1.490680	    -0.081	     0.012	     0.056	     0.099
  1.494000	    -0.081	     0.049	     0.058	     0.111
  1.497320	    -0.075	     0.025	     0.039	     0.088
  1.500640	    -0.066	     0.039	     0.054	     0.094
  1.503960	    -0.089	     0.023	     0.052	     0.106
  1.507280	    -0.078	     0.035	     0.071	     0.111
  1.510600	    -0.066	     0.043	     0.061	     0.100
  1.513920	    -0.042	     0.025	     0.053	     0.072
  1.517240	    -0.097	     0.045	     0.076	     0.131
  1.520560	    -0.060	     0.055	     0.068	     0.106
  1.523880	    -0.047	     0.065	     0.080	     0.113
  1.527200	    -0.084	     0.025	     0.054	     0.103
  1.530520	    -0.082	     0.004	     0.065	     0.105
  1.533840	    -0.067	     0.031	     0.068	     0.100
  1.537160	    -0.073	     0.034	     0.084	     0.116
  1.540480	    -0.068	     0.041	     0.065	     0.103
  1.543800	    -0.074	     0.024	     0.080	     0.112
  1.547120	    -0.071	     0.059	     0.047	     0.104
  1.550440	    -0.086	     0.052	     0.092	     0.136
  1.553760	    -0.058	     0.035	     0.077	     0.103
  1.557080	    -0.058	     0.054	     0.084	     0.115
  1.560400	    -0.076	     0.016	     0.060	     0.098
  1.563720	    -0.052	     0.030	     0.056	     0.082
  1.567040	    -0.062	     0.048	     0.065	     0.102
  1.570360	    -0.056	     0.036	     0.084	     0.107
  1.573680	    -0.078	     0.025	     0.069	     0.107
  1.577000	    -0.080	     0.032	     0.058	     0.104
  1.580320	    -0.077	     0.040	     0.051	     0.101
  1.583640	    -0.055	     0.042	     0.052	     0.087
  1.586960	    -0.072	     0.045	     0.080	     0.117
  1.590280	    -0.082	     0.049	     0.075	     0.121
  1.593600	    -0.067	     0.044	     0.049	     0.094
  1.596920	    -0.076	     0.046	     0.063	     0.109
  1.600240	    -0.066	     0.032	     0.029	     0.079
  1.603560	    -0.073	     0.030	     0.063	     0.101
  1.606880	    -0.075	     0.016	     0.057	     0.096
  1.610200	    -0.075	     0.036	     0.068	     0.107
  1.613520	    -0.045	     0.044	     0.074	     0.097
  1.616840	    -0.063	     0.023	     0.048	     0.082
  1.620160	    -0.098	     0.041	     0.073	     0.129
  1.623480	    -0.059	     0.058	     0.052	     0.098
  1.626800	    -0.060	     0.051	     0.075	     0.109
  1.630120	    -0.070	     0.005	     0.038	     0.080
  1.633440	    -0.090	     0.020	     0.093	     0.131
  1.636760	    -0.077	     0.047	     0.061	     0.109
  1.640080	    -0.071	     0.048	     0.058	     0.103
  1.643400	    -0.070	     0.047	     0.040	     0.093
  1.646720	    -0.066	     0.043	     0.075	     0.109
  1.650040	    -0.070	     0.037	     0.053	     0.095
  1.653360	    -0.052	     0.012	     0.090	     0.105
  1.656680	    -0.068	     0.052	     0.062	     0.106
  1.660000	    -0.086	     0.046	     0.048	     0.109
  1.663320	    -0.045	     0.014	     0.058	     0.075
  1.666640	    -0.068	     0.026	     0.062	     0.096
  1.669960	    -0.091	     0.034	     0.062	     0.115
  1.673280	    -0.077	     0.043	     0.063	     0.108
  1.676600	    -0.093	     0.046	     0.062	     0.121
  1.679920	    -0.060	     0.036	     0.055	     0.089
  1.683240	    -0.077	     0.049	     0.058	     0.108
  1.686560	    -0.072	     0.045	     0.057	     0.102
  1.689880	    -0.078	     0.023	     0.058	     0.100
  1.693200	    -0.043	     0.041	     0.074	     0.095
  1.696520	    -0.072	     0.034	     0.068	     0.105
  1.699840	    -0.035	     0.039	     0.064	     0.083
  1.703160	    -0.058	     0.043	     0.077	     0.106
  1.706480	    -0.070	     0.047	     0.043	     0.095
  1.709800	    -0.057	     0.031	     0.058	     0.087
  1.713120	    -0.062	     0.040	     0.062	     0.096
  1.716440	    -0.050	    -0.001	     0.076	     0.091
  1.719760	    -0.037	     0.029	     0.040	     0.062
  1.723080	    -0.045	     0.052	     0.076	     0.102
  1.726400	    -0.067	     0.031	     0.068	     0.100
  1.729720	    -0.077	     0.028	     0.071	     0.108
  1.733040	    -0.094	     0.053	     0.065	     0.126
  1.736360	    -0.070	     0.043	     0.062	     0.103
  1.739680	    -0.059	     0.032	     0.072	     0.098
  1.743000	    -0.080	     0.033	     0.068	     0.110
  1.746320	    -0.070	     0.052	     0.066	     0.109
  1.749640	    -0.079	     0.037	     0.069	     0.111
  1.752960	    -0.091	     0.035	     0.086	     0.130
  1.756280	    -0.082	     0.030	     0.061	     0.107
  1.759600	    -0.072	     0.041	     0.088	     0.121
  1.762920	    -0.080	     0.036	     0.049	     0.100
  1.766240	    -0.059	     0.023	     0.077	     0.100
  1.769560	    -0.056	     0.000	     0.053	     0.077
  1.772880	    -0.078	     0.048	     0.041	     0.100
  1.776200	    -0.092	     0.048	     0.033	     0.109
  1.779520	    -0.076	     0.023	     0.066	     0.103
  1.782840	    -0.058	     0.025	     0.073	     0.097
  1.786160	    -0.072	     0.025	     0.036	     0.084
  1.789480	    -0.044	     0.040	     0.063	     0.087
  1.792800	    -0.065	     0.026	     0.048	     0.085
  1.796120	    -0.049	     0.036	     0.075	     0.097
  1.799440	    -0.058	     0.034	     0.015	     0.069
  1.802760	    -0.078	     0.036	     0.058	     0.104
  1.806080	    -0.050	     0.040	     0.065	     0.091
  1.809400	    -0.067	     0.027	     0.067	     0.099
  1.812720	    -0.048	     0.037	     0.060	     0.085
  1.816040	    -0.055	     0.034	     0.077	     0.101
  1.819360	    -0.053	     0.041	     0.080	     0.104
  1.822680	    -0.053	     0.037	     0.068	     0.094
  1.826000	    -0.048	     0.041	     0.028	     0.069
  1.829320	    -0.031	     0.041	     0.044	     0.068
  1.832640	    -0.053	     0.039	     0.053	     0.084
  1.835960	    -0.057	     0.028	     0.043	     0.077
  1.839280	    -0.050	     0.065	     0.067	     0.106
  1.842600	    -0.057	     0.066	     0.045	     0.098
  1.845920	    -0.070	    -0.009	     0.061	     0.093
  1.849240	    -0.045	     0.019	     0.074	     0.089
  1.852560	    -0.077	     0.031	     0.084	     0.118
  1.855880	    -0.078	     0.053	     0.078	     0.122
  1.859200	    -0.089	     0.036	     0.071	     0.119
  1.862520	    -0.080	     0.031	     0.065	     0.108
  1.865840	    -0.085	     0.027	     0.086	     0.124
  1.869160	    -0.078	     0.017	     0.073	     0.108
  1.872480	    -0.054	     0.046	     0.058	     0.092
  1.875800	    -0.071	     0.036	     0.056	     0.097
  1.879120	    -0.090	     0.040	     0.059	     0.115
  1.882440	    -0.065	     0.038	     0.058	     0.095
  1.885760	    -0.077	     0.010	     0.059	     0.098
  1.889080	    -0.099	     0.012	     0.048	     0.111
  1.892400	    -0.055	     0.025	     0.054	     0.081
  1.895720	    -0.072	     0.044	     0.046	     0.096
  1.899040	    -0.070	     0.045	     0.064	     0.105
  1.902360	    -0.061	     0.035	     0.064	     0.095
  1.905680	    -0.060	     0.035	     0.075	     0.102
  1.909000	    -0.094	     0.032	     0.074	     0.124
  1.912320	    -0.079	     0.048	     0.081	     0.123
  1.915640	    -0.067	     0.034	     0.064	     0.099
  1.918960	    -0.058	     0.024	     0.028	     0.069
  1.922280	    -0.063	     0.042	     0.053	     0.092
  1.925600	    -0.064	     0.017	     0.056	     0.087
  1.928920	    -0.073	     0.043	     0.067	     0.108
  1.932240	    -0.067	     0.042	     0.038	     0.088
  1.935560	    -0.075	     0.010	     0.050	     0.091
  1.938880	    -0.063	     0.021	     0.047	     0.081
  1.942200	    -0.095	     0.052	     0.051	     0.120
  1.945520	    -0.134	     0.021	     0.055	     0.146
  1.948840	    -0.072	     0.045	     0.029	     0.090
  1.952160	    -0.070	     0.005	     0.062	     0.094
  1.955480	    -0.089	     0.039	     0.049	     0.109
  1.958800	    -0.052	     0.043	     0.062	     0.092
  1.962120	    -0.060	     0.058	     0.077	     0.114
  1.965440	    -0.064	     0.048	     0.069	     0.106
  1.968760	    -0.068	     0.028	     0.064	     0.097
  1.972080	    -0.056	     0.045	     0.055	     0.090
  1.975400	    -0.096	     0.055	     0.050	     0.121
  1.978720	    -0.067	     0.047	     0.052	     0.097
  1.982040	    -0.099	     0.016	     0.071	     0.123
  1.985360	    -0.074	     0.034	     0.063	     0.103
  1.988680	    -0.100	     0.028	     0.070	     0.125
  1.992000	    -0.085	     0.043	     0.067	     0.116
  1.995320	    -0.057	     0.013	     0.065	     0.087
  1.998640	    -0.068	     0.043	     0.077	     0.111
  2.001960	    -0.065	     0.044	     0.062	     0.100
  2.005280	    -0.053	     0.023	     0.071	     0.092
  2.008600	    -0.094	     0.029	     0.062	     0.116
  2.011920	    -0.087	     0.016	     0.068	     0.112
  2.015240	    -0.070	     0.024	     0.048	     0.088
  2.018560	    -0.066	     0.026	     0.056	     0.090
  2.021880	    -0.067	     0.045	     0.071	     0.107
  2.025200	    -0.058	     0.020	     0.066	     0.090
  2.028520	    -0.067	     0.061	     0.044	     0.101
  2.031840	    -0.077	     0.018	     0.065	     0.102
  2.035160	    -0.095	     0.019	     0.052	     0.110
  2.038480	    -0.066	     0.013	     0.060	     0.090
  2.041800	    -0.068	     0.021	     0.061	     0.094
  2.045120	    -0.062	     0.043	     0.077	     0.108
  2.048440	    -0.043	     0.040	     0.061	     0.085
  2.051760	    -0.060	     0.037	     0.051	     0.087
  2.055080	    -0.043	     0.039	     0.047	     0.075
  2.058400	    -0.089	     0.018	     0.058	     0.108
  2.061720	    -0.045	     0.054	     0.057	     0.090
  2.065040	    -0.085	     0.028	     0.081	     0.121
  2.068360	    -0.080	     0.049	     0.063	     0.113
  2.071680	    -0.100	     0.056	     0.065	     0.132
  2.075000	    -0.062	     0.034	     0.064	     0.095
  2.078320	    -0.070	     0.033	     0.057	     0.096
  2.081640	    -0.063	     0.021	     0.065	     0.093
  2.084960	    -0.090	     0.019	     0.041	     0.101
  2.088280	    -0.078	     0.038	     0.076	     0.115
  2.091600	    -0.029	     0.056	     0.076	     0.099
  2.094920	    -0.063	     0.055	     0.074	     0.112
  2.098240	    -0.055	     0.030	     0.056	     0.084
  2.101560	    -0.064	     0.033	     0.062	     0.095
  2.104880	    -0.077	     0.026	     0.072	     0.109
  2.108200	    -0.055	     0.026	     0.086	     0.105
  2.111520	    -0.031	     0.054	     0.058	     0.085
  2.114840	    -0.082	     0.050	     0.065	     0.116
  2.118160	    -0.058	     0.019	     0.084	     0.104
  2.121480	    -0.041	     0.023	     0.064	     0.079
  2.124800	    -0.067	     0.030	     0.067	     0.099
  2.128120	    -0.056	     0.030	     0.074	     0.098
  2.131440	    -0.036	     0.042	     0.064	     0.085
  2.134760	    -0.088	     0.039	     0.054	     0.110
  2.138080	    -0.063	     0.021	     0.078	     0.102
  2.141400	    -0.042	     0.045	     0.062	     0.087
  2.144720	    -0.048	     0.015	     0.052	     0.072
  2.148040	    -0.053	     0.054	     0.058	     0.095
  2.151360	    -0.067	     0.041	     0.062	     0.100
  2.154680	    -0.056	     0.031	     0.069	     0.094
  2.158000	    -0.043	     0.020	     0.067	     0.082
  2.161320	    -0.069	     0.012	     0.080	     0.106
  2.164640	    -0.066	     0.034	     0.064	     0.098
  2.167960	    -0.052	     0.029	     0.078	     0.098
  2.171280	    -0.034	     0.030	     0.067	     0.081
  2.174600	    -0.073	     0.025	     0.074	     0.107
  2.177920	    -0.067	     0.039	     0.044	     0.089
  2.181240	    -0.047	     0.017	     0.086	     0.099
  2.184560	    -0.052	     0.040	     0.083	     0.106
  2.187880	    -0.066	     0.025	     0.068	     0.098
  2.191200	    -0.068	     0.051	     0.050	     0.099
  2.194520	    -0.033	     0.017	     0.084	     0.092
  2.197840	    -0.046	     0.041	     0.057	     0.084
  2.201160	    -0.066	     0.040	     0.054	     0.094
  2.204480	    -0.053	     0.010	     0.092	     0.107
  2.207800	    -0.072	     0.035	     0.039	     0.089
  2.211120	    -0.039	     0.022	     0.072	     0.085
  2.214440	    -0.063	     0.026	     0.071	     0.098
  2.217760	    -0.041	     0.023	     0.065	     0.080
  2.221080	    -0.067	     0.028	     0.052	     0.089
  2.224400	    -0.064	     0.016	     0.081	     0.104
  2.227720	    -0.072	     0.029	     0.068	     0.103
  2.231040	    -0.036	     0.007	     0.037	     0.052
  2.234360	    -0.061	     0.038	     0.054	     0.090
  2.237680	    -0.052	     0.034	     0.062	     0.088
  2.241000	    -0.068	     0.028	     0.059	     0.094
  2.244320	    -0.082	     0.045	     0.048	     0.105
  2.247640	    -0.071	     0.061	     0.050	     0.106
  2.250960	    -0.053	     0.038	     0.057	     0.087
  2.254280	    -0.072	     0.057	     0.084	     0.124
  2.257600	    -0.078	     0.057	     0.055	     0.111
  2.260920	    -0.068	     0.043	     0.052	     0.096
  2.264240	    -0.041	     0.050	     0.081	     0.104
  2.267560	    -0.057	     0.049	     0.068	     0.101
  2.270880	    -0.067	     0.041	     0.071	     0.106
  2.274200	    -0.063	     0.055	     0.062	     0.104
  2.277520	    -0.087	     0.029	     0.037	     0.099
  2.280840	    -0.078	     0.017	     0.058	     0.099
  2.284160	    -0.062	     0.014	     0.071	     0.095
  2.287480	    -0.087	     0.030	     0.055	     0.107
  2.290800	    -0.093	     0.036	     0.070	     0.122
  2.294120	    -0.049	     0.022	     0.036	     0.065
  2.297440	    -0.065	     0.028	     0.074	     0.102
  2.300760	    -0.089	     0.004	     0.058	     0.106
  2.304080	    -0.072	     0.039	     0.050	     0.096
  2.307400	    -0.077	     0.019	     0.055	     0.097
  2.310720	    -0.061	     0.045	     0.075	     0.107
  2.314040	    -0.082	     0.039	     0.055	     0.106
  2.317360	    -0.065	     0.038	     0.055	     0.093
  2.320680	    -0.074	     0.040	     0.087	     0.121
  2.324000	    -0.075	     0.006	     0.050	     0.090
  2.327320	    -0.083	     0.017	     0.061	     0.104
  2.330640	    -0.078	     0.037	     0.044	     0.097
  2.333960	    -0.080	     0.016	     0.055	     0.098
  2.337280	    -0.087	     0.019	     0.056	     0.105
  2.340600	    -0.060	     0.073	     0.100	     0.138
  2.343920	    -0.066	     0.019	     0.039	     0.079
  2.347240	    -0.042	     0.048	     0.034	     0.072
  2.350560	    -0.063	     0.033	     0.061	     0.094
  2.353880	    -0.074	     0.039	     0.047	     0.096
  2.357200	    -0.072	     0.039	     0.056	     0.099
  2.360520	    -0.075	     0.026	     0.055	     0.097
  2.363840	    -0.069	     0.017	     0.067	     0.098
  2.367160	    -0.037	     0.054	     0.056	     0.086
  2.370480	    -0.089	     0.019	     0.058	     0.108
  2.373800	    -0.094	     0.013	     0.084	     0.127
  2.377120	    -0.078	     0.039	     0.070	     0.112
  2.380440	    -0.073	     0.031	     0.081	     0.113
  2.383760	    -0.090	     0.016	     0.077	     0.120
  2.387080	    -0.067	     0.044	     0.056	     0.098
  2.390400	    -0.084	     0.017	     0.043	     0.096
  2.393720	    -0.068	     0.059	     0.066	     0.112
  2.397040	    -0.043	     0.040	     0.081	     0.100
  2.400360	    -0.055	     0.049	     0.052	     0.090
  2.403680	    -0.070	     0.035	     0.053	     0.095
  2.407000	    -0.078	     0.043	     0.043	     0.099
  2.410320	    -0.057	     0.034	     0.055	     0.086
  2.413640	    -0.065	     0.026	     0.065	     0.096
  2.416960	    -0.063	     0.055	     0.064	     0.105
  2.420280	    -0.099	     0.044	     0.025	     0.111
  2.423600	    -0.057	     0.032	     0.048	     0.081
  2.426920	    -0.058	     0.030	     0.051	     0.083
  2.430240	    -0.060	     0.055	     0.054	     0.098
  2.433560	    -0.046	     0.037	     0.064	     0.087
  2.436880	    -0.048	     0.055	     0.038	     0.082
  2.440200	    -0.072	     0.023	     0.051	     0.091
  2.443520	    -0.078	     0.031	     0.073	     0.111
  2.446840	    -0.039	     0.027	     0.061	     0.077
  2.450160	    -0.051	     0.039	     0.064	     0.091
  2.453480	    -0.054	     0.038	     0.072	     0.098
  2.456800	    -0.051	     0.033	     0.078	     0.099
  2.460120	    -0.081	     0.023	     0.065	     0.106
  2.463440	    -0.065	     0.037	     0.067	     0.100
  2.466760	    -0.070	     0.056	     0.072	     0.115
  2.470080	    -0.067	     0.051	     0.074	     0.112
  2.473400	    -0.052	     0.041	     0.048	     0.082
  2.476720	    -0.038	     0.056	     0.070	     0.097
  2.480040	    -0.068	     0.027	     0.040	     0.083
  2.483360	    -0.062	     0.037	     0.072	     0.102
  2.486680	    -0.050	     0.019	     0.070	     0.088
  2.490000	    -0.072	     0.028	     0.073	     0.106
  2.493320	    -0.050	     0.032	     0.053	     0.080
  2.496640	    -0.048	     0.048	     0.074	     0.100
  2.499960	    -0.087	     0.016	     0.055	     0.104
  2.503280	    -0.057	     0.041	     0.072	     0.101
  2.506600	    -0.077	     0.026	     0.047	     0.094
  2.509920	    -0.086	     0.050	     0.072	     0.123
  2.513240	    -0.067	     0.037	     0.076	     0.108
  2.516560	    -0.073	     0.039	     0.078	     0.114
  2.519880	    -0.048	     0.015	     0.061	     0.079
  2.523200	    -0.058	     0.033	     0.073	     0.099
  2.526520	    -0.072	     0.026	     0.060	     0.097
  2.529840	    -0.052	     0.051	     0.061	     0.095
  2.533160	    -0.082	     0.036	     0.070	     0.114
  2.536480	    -0.041	     0.043	     0.054	     0.080
  2.539800	    -0.035	     0.017	     0.075	     0.084
  2.543120	    -0.044	     0.021	     0.078	     0.092
  2.546440	    -0.043	     0.005	     0.058	     0.072
  2.549760	    -0.054	     0.034	     0.075	     0.098
  2.553080	    -0.053	     0.054	     0.078	     0.109
  2.556400	    -0.058	     0.045	     0.061	     0.095
  2.559720	    -0.086	     0.061	     0.056	     0.119
  2.563040	    -0.092	     0.035	     0.046	     0.109
  2.566360	    -0.069	     0.032	     0.062	     0.098
  2.569680	    -0.065	     0.034	     0.084	     0.112
  2.573000	    -0.075	     0.060	     0.058	     0.112
  2.576320	    -0.064	     0.036	     0.056	     0.092
  2.579640	    -0.094	     0.025	     0.073	     0.122
  2.582960	    -0.067	     0.039	     0.068	     0.103
  2.586280	    -0.068	     0.021	     0.045	     0.084
  2.589600	    -0.066	     0.048	     0.072	     0.109
  2.592920	    -0.065	     0.041	     0.040	     0.087
  2.596240	    -0.067	     0.032	     0.026	     0.079
  2.599560	    -0.092	     0.042	     0.060	     0.118
  2.602880	    -0.055	     0.028	     0.076	     0.098
  2.606200	    -0.032	     0.037	     0.029	     0.057
  2.609520	    -0.058	    -0.003	     0.021	     0.062
  2.612840	    -0.052	     0.027	     0.062	     0.085
  2.616160	    -0.063	     0.037	     0.059	     0.094
  2.619480	    -0.053	     0.026	     0.076	     0.096
  2.622800	    -0.079	     0.034	     0.065	     0.108
  2.626120	    -0.045	     0.045	     0.053	     0.083
  2.629440	    -0.065	     0.039	     0.053	     0.092
  2.632760	    -0.068	     0.033	     0.062	     0.098
  2.636080	    -0.055	     0.035	     0.066	     0.093
  2.639400	    -0.069	     0.027	     0.064	     0.098
  2.642720	    -0.057	     0.026	     0.078	     0.100
  2.646040	    -0.065	     0.053	     0.076	     0.113
  2.649360	    -0.063	     0.036	     0.061	     0.095
  2.652680	    -0.080	     0.013	     0.046	     0.093
  2.656000	    -0.104	     0.048	     0.065	     0.132
  2.659320	    -0.052	     0.048	     0.055	     0.090
  2.662640	    -0.072	     0.010	     0.075	     0.104
  2.665960	    -0.087	     0.057	     0.031	     0.109
  2.669280	    -0.074	     0.037	     0.069	     0.108
  2.672600	    -0.079	     0.046	     0.049	     0.104
  2.675920	    -0.077	    -0.003	     0.046	     0.090
  2.679240	    -0.072	     0.021	     0.066	     0.100
  2.682560	    -0.090	     0.021	     0.068	     0.115
  2.685880	    -0.075	     0.032	     0.054	     0.098
  2.689200	    -0.080	     0.033	     0.069	     0.111
  2.692520	    -0.088	     0.036	     0.037	     0.102
  2.695840	    -0.067	     0.016	     0.050	     0.085
  2.699160	    -0.071	     0.053	     0.078	     0.118
  2.702480	    -0.099	     0.048	     0.069	     0.130
  2.705800	    -0.055	     0.048	     0.050	     0.088
  2.709120	    -0.067	     0.011	     0.058	     0.089
  2.712440	    -0.077	     0.029	     0.077	     0.113
  2.715760	    -0.062	     0.028	     0.099	     0.120
  2.719080	    -0.060	     0.044	     0.071	     0.103
  2.722400	    -0.087	     0.045	     0.069	     0.120
  2.725720	    -0.068	     0.027	     0.066	     0.099
  2.729040	    -0.092	     0.008	     0.050	     0.105
  2.732360	    -0.077	     0.042	     0.071	     0.113
  2.735680	    -0.072	     0.039	     0.078	     0.113
  2.739000	    -0.099	     0.038	     0.065	     0.124
  2.742320	    -0.069	     0.036	     0.080	     0.112
  2.745640	    -0.082	     0.035	     0.059	     0.107
  2.748960	    -0.091	     0.049	     0.053	     0.116
  2.752280	    -0.096	     0.005	     0.064	     0.115
  2.755600	    -0.079	     0.049	     0.044	     0.103
  2.758920	    -0.066	     0.047	     0.090	     0.121
  2.762240	    -0.071	     0.016	     0.048	     0.087
  2.765560	    -0.073	     0.057	     0.060	     0.110
  2.768880	    -0.073	     0.019	     0.067	     0.101
  2.772200	    -0.052	     0.065	     0.086	     0.120
  2.775520	    -0.082	     0.041	     0.056	     0.107
  2.778840	    -0.078	     0.037	     0.033	     0.092
  2.782160	    -0.055	     0.051	     0.083	     0.112
  2.785480	    -0.085	     0.017	     0.080	     0.118
  2.788800	    -0.058	     0.050	     0.083	     0.113
  2.792120	    -0.073	     0.029	     0.059	     0.098
  2.795440	    -0.057	     0.057	     0.084	     0.116
  2.798760	    -0.092	     0.036	     0.054	     0.113
  2.802080	    -0.047	     0.028	     0.055	     0.078
  2.805400	    -0.076	     0.034	     0.081	     0.116
  2.808720	    -0.073	     0.023	     0.047	     0.090
  2.812040	    -0.057	     0.037	     0.053	     0.086
  2.815360	    -0.063	     0.029	     0.049	     0.085
  2.818680	    -0.076	     0.009	     0.075	     0.107
  2.822000	    -0.089	     0.028	     0.058	     0.110
  2.825320	    -0.073	     0.041	     0.062	     0.104
  2.828640	    -0.078	     0.028	     0.049	     0.096
  2.831960	    -0.063	     0.038	     0.071	     0.102
  2.835280	    -0.060	     0.050	     0.030	     0.084
  2.838600	    -0.087	     0.043	     0.105	     0.143
  2.841920	    -0.082	     0.041	     0.059	     0.109
  2.845240	    -0.069	     0.065	     0.078	     0.123
  2.848560	    -0.060	     0.043	     0.062	     0.096
  2.851880	    -0.089	     0.041	     0.063	     0.116
  2.855200	    -0.063	     0.041	     0.099	     0.124
  2.858520	    -0.057	     0.025	     0.059	     0.086
  2.861840	    -0.083	     0.046	     0.096	     0.135
  2.865160	    -0.077	     0.065	     0.068	     0.122
  2.868480	    -0.093	     0.026	     0.043	     0.106
  2.871800	    -0.073	     0.006	     0.040	     0.083
  2.875120	    -0.074	     0.038	     0.042	     0.093
  2.878440	    -0.065	     0.052	     0.052	     0.098
  2.881760	    -0.059	     0.031	     0.065	     0.093
  2.885080	    -0.070	     0.014	     0.065	     0.097
  2.888400	    -0.062	     0.041	     0.053	     0.091
  2.891720	    -0.090	     0.034	     0.064	     0.116
  2.895040	    -0.054	     0.047	     0.055	     0.090
  2.898360	    -0.053	     0.057	     0.064	     0.101
  2.901680	    -0.065	     0.039	     0.082	     0.112
  2.905000	    -0.062	     0.025	     0.073	     0.099
  2.908320	    -0.065	     0.051	     0.036	     0.090
  2.911640	    -0.064	     0.037	     0.086	     0.113
  2.914960	    -0.067	     0.025	     0.066	     0.097
  2.918280	    -0.076	     0.026	     0.088	     0.119
  2.921600	    -0.062	     0.025	     0.099	     0.119
  2.924920	    -0.082	     0.023	     0.048	     0.098
  2.928240	    -0.093	     0.037	     0.064	     0.119
  2.931560	    -0.068	     0.024	     0.053	     0.089
  2.934880	    -0.054	     0.027	     0.059	     0.084
  2.938200	    -0.042	     0.050	     0.083	     0.106
  2.941520	    -0.068	     0.040	     0.041	     0.089
  2.944840	    -0.057	     0.028	     0.059	     0.087
  2.948160	    -0.039	     0.018	     0.053	     0.068
  2.951480	    -0.053	     0.021	     0.060	     0.083
  2.954800	    -0.065	     0.036	     0.050	     0.090
  2.958120	    -0.056	     0.048	     0.058	     0.094
  2.961440	    -0.068	     0.017	     0.050	     0.086
  2.964760	    -0.073	     0.023	     0.067	     0.102
  2.968080	    -0.065	     0.019	     0.070	     0.097
  2.971400	    -0.072	     0.020	     0.065	     0.099
  2.974720	    -0.051	     0.037	     0.053	     0.082
  2.978040	    -0.053	     0.041	     0.051	     0.084
  2.981360	    -0.055	     0.021	     0.085	     0.103
  2.984680	    -0.081	     0.041	     0.065	     0.112
  2.988000	    -0.053	     0.048	     0.059	     0.093
  2.991320	    -0.068	     0.046	     0.069	     0.107
  2.994640	    -0.068	     0.021	     0.056	     0.091
  2.997960	    -0.098	     0.044	     0.081	     0.135
  3.001280	    -0.062	     0.020	     0.046	     0.080
  3.004600	    -0.070	     0.061	     0.037	     0.100
  3.007920	    -0.092	     0.024	     0.045	     0.105
  3.011240	    -0.072	     0.044	     0.061	     0.104
  3.014560	    -0.075	     0.018	     0.068	     0.103
  3.017880	    -0.069	     0.024	     0.062	     0.096
  3.021200	    -0.076	     0.029	     0.057	     0.099
  3.024520	    -0.080	     0.050	     0.055	     0.109
  3.027840	    -0.073	     0.041	     0.086	     0.120
  3.031160	    -0.094	     0.041	     0.078	     0.129
  3.034480	    -0.084	     0.043	     0.062	     0.113
  3.037800	    -0.089	     0.040	     0.069	     0.120
  3.041120	    -0.050	     0.037	     0.057	     0.084
  3.044440	    -0.090	     0.048	     0.070	     0.124
  3.047760	    -0.044	     0.033	     0.016	     0.057
  3.051080	    -0.073	     0.072	     0.050	     0.114
  3.054400	    -0.072	     0.024	     0.053	     0.093
  3.057720	    -0.055	     0.054	     0.058	     0.096
  3.061040	    -0.062	     0.030	     0.093	     0.116
  3.064360	    -0.055	     0.026	     0.059	     0.085
  3.067680	    -0.069	     0.046	     0.062	     0.104
  3.071000	    -0.077	     0.039	     0.042	     0.096
  3.074320	    -0.077	     0.052	     0.075	     0.119
  3.077640	    -0.090	     0.006	     0.050	     0.103
  3.080960	    -0.076	     0.019	     0.045	     0.090
  3.084280	    -0.081	     0.054	     0.045	     0.107
  3.087600	    -0.072	     0.065	     0.062	     0.115
  3.090920	    -0.087	     0.041	     0.043	     0.105
  3.094240	    -0.033	     0.049	     0.051	     0.078
  3.097560	    -0.066	     0.030	     0.056	     0.092
  3.100880	    -0.057	     0.028	     0.055	     0.084
  3.104200	    -0.066	     0.041	     0.055	     0.095
  3.107520	    -0.056	     0.032	     0.063	     0.090
  3.110840	    -0.075	     0.051	     0.085	     0.124
  3.114160	    -0.069	     0.047	     0.074	     0.112
  3.117480	    -0.063	     0.041	     0.042	     0.086
  3.120800	    -0.023	     0.047	     0.062	     0.081
  3.124120	    -0.057	     0.030	     0.052	     0.083
  3.127440	    -0.060	     0.039	     0.081	     0.108
  3.130760	    -0.057	     0.026	     0.069	     0.093
  3.134080	    -0.047	     0.010	     0.074	     0.088
  3.137400	    -0.035	     0.073	     0.058	     0.100
  3.140720	    -0.053	     0.055	     0.074	     0.106
  3.144040	    -0.092	     0.030	     0.043	     0.106
  3.147360	    -0.079	     0.034	     0.068	     0.110
  3.150680	    -0.062	     0.035	     0.034	     0.079
  3.154000	    -0.028	     0.036	     0.027	     0.053
  3.157320	    -0.075	     0.032	     0.037	     0.090
  3.160640	    -0.056	     0.050	     0.055	     0.093
  3.163960	    -0.075	     0.043	     0.074	     0.114
  3.167280	    -0.047	     0.048	     0.081	     0.105
  3.170600	    -0.063	     0.006	     0.052	     0.082
  3.173920	    -0.052	     0.016	     0.044	     0.070
  3.177240	    -0.071	     0.027	     0.053	     0.093
  3.180560	    -0.048	     0.055	     0.070	     0.101
  3.183880	    -0.081	     0.044	     0.053	     0.106
  3.187200	    -0.077	     0.043	     0.055	     0.104
  3.190520	    -0.060	     0.031	     0.060	     0.090
  3.193840	    -0.079	     0.031	     0.051	     0.099
  3.197160	    -0.073	     0.037	     0.051	     0.096
  3.200480	    -0.052	     0.043	     0.047	     0.082
  3.203800	    -0.073	     0.036	     0.083	     0.116
  3.207120	    -0.085	     0.062	     0.062	     0.122
  3.210440	    -0.075	     0.029	     0.069	     0.106
  3.213760	    -0.079	     0.045	     0.069	     0.114
  3.217080	    -0.050	     0.055	     0.061	     0.096
  3.220400	    -0.068	     0.043	     0.059	     0.100
  3.223720	    -0.057	     0.036	     0.056	     0.088
  3.227040	    -0.065	     0.028	     0.056	     0.090
  3.230360	    -0.090	     0.050	     0.084	     0.133
  3.233680	    -0.090	     0.030	     0.069	     0.117
  3.237000	    -0.077	     0.034	     0.054	     0.100
  3.240320	    -0.051	     0.043	     0.080	     0.104
  3.243640	    -0.076	     0.051	     0.056	     0.107
  3.246960	    -0.069	     0.054	     0.072	     0.113
  3.250280	    -0.063	     0.038	     0.051	     0.090
  3.253600	    -0.053	     0.001	     0.052	     0.074
  3.256920	    -0.038	     0.032	     0.091	     0.104
  3.260240	    -0.071	     0.045	     0.059	     0.103
  3.263560	    -0.065	     0.039	     0.056	     0.094
  3.266880	    -0.079	     0.023	     0.066	     0.105
  3.270200	    -0.067	     0.044	     0.064	     0.103
  3.273520	    -0.073	     0.045	     0.057	     0.103
  3.276840	    -0.094	     0.021	     0.058	     0.112
  3.280160	    -0.070	     0.039	     0.089	     0.120
  3.283480	    -0.058	     0.037	     0.086	     0.110
  3.286800	    -0.075	     0.041	     0.074	     0.113
  3.290120	    -0.073	     0.029	     0.083	     0.114
  3.293440	    -0.075	     0.039	     0.065	     0.107
  3.296760	    -0.053	     0.041	     0.069	     0.096
  3.300080	    -0.072	     0.036	     0.095	     0.125
  3.303400	    -0.051	     0.044	     0.035	     0.076
  3.306720	    -0.054	     0.040	     0.049	     0.083
  3.310040	    -0.065	     0.028	     0.061	     0.093
  3.313360	    -0.077	     0.034	     0.056	     0.101
  3.316680	    -0.078	     0.023	     0.049	     0.095
  3.320000	    -0.095	     0.035	     0.059	     0.117
  3.323320	    -0.079	     0.028	     0.034	     0.090
  3.326640	    -0.067	     0.035	     0.046	     0.088
  3.329960	    -0.064	     0.047	     0.061	     0.100
  3.333280	    -0.084	     0.021	     0.073	     0.113
  3.336600	    -0.070	     0.045	     0.056	     0.100
  3.339920	    -0.075	     0.011	     0.046	     0.089
  3.343240	    -0.069	     0.025	     0.069	     0.101
  3.346560	    -0.089	     0.014	     0.067	     0.112
  3.349880	    -0.082	     0.050	     0.060	     0.113
  3.353200	    -0.069	     0.038	     0.064	     0.101
  3.356520	    -0.077	     0.048	     0.055	     0.106
  3.359840	    -0.068	     0.066	     0.053	     0.109
  3.363160	    -0.095	     0.020	     0.041	     0.105
  3.366480	    -0.068	     0.021	     0.071	     0.101
  3.369800	    -0.064	     0.032	     0.069	     0.099
  3.373120	    -0.078	     0.054	     0.045	     0.105
  3.376440	    -0.079	     0.057	     0.064	     0.117
  3.379760	    -0.057	     0.046	     0.043	     0.085
  3.383080	    -0.087	     0.068	     0.023	     0.113
  3.386400	    -0.060	     0.026	     0.095	     0.115
  3.389720	    -0.071	     0.052	     0.037	     0.095
  3.393040	    -0.075	     0.032	     0.040	     0.091
  3.396360	    -0.072	     0.046	     0.068	     0.109
  3.399680	    -0.074	     0.012	     0.064	     0.099
  3.403000	    -0.099	     0.030	     0.070	     0.125
  3.406320	    -0.085	     0.034	     0.081	     0.122
  3.409640	    -0.055	     0.048	     0.086	     0.113
  3.412960	    -0.065	     0.035	     0.101	     0.125
  3.416280	    -0.060	     0.020	     0.077	     0.100
  3.419600	    -0.060	     0.037	     0.083	     0.109
  3.422920	    -0.089	     0.035	     0.066	     0.116
  3.426240	    -0.052	     0.030	     0.061	     0.086
  3.429560	    -0.086	     0.004	     0.053	     0.101
  3.432880	    -0.085	     0.043	     0.069	     0.118
  3.436200	    -0.063	     0.063	     0.062	     0.109
  3.439520	    -0.066	     0.017	     0.041	     0.080
  3.442840	    -0.089	     0.036	     0.063	     0.115
  3.446160	    -0.066	     0.047	     0.057	     0.099
  3.449480	    -0.084	     0.051	     0.068	     0.120
  3.452800	    -0.061	     0.050	     0.035	     0.086
  3.456120	    -0.097	     0.052	     0.075	     0.133
  3.459440	    -0.068	     0.039	     0.052	     0.094
  3.462760	    -0.058	     0.063	     0.059	     0.104
  3.466080	    -0.070	     0.063	     0.042	     0.103
  3.469400	    -0.060	     0.052	     0.040	     0.089
  3.472720	    -0.082	     0.016	     0.040	     0.093
  3.476040	    -0.064	     0.021	     0.046	     0.082
  3.479360	    -0.081	     0.016	     0.047	     0.095
  3.482680	    -0.077	     0.030	     0.056	     0.100
  3.486000	    -0.080	     0.036	     0.056	     0.104
  3.489320	    -0.081	     0.035	     0.059	     0.106
  3.492640	    -0.085	     0.023	     0.065	     0.109
  3.495960	    -0.040	     0.006	     0.059	     0.072
  3.499280	    -0.079	     0.016	     0.047	     0.093
  3.502600	    -0.065	     0.040	     0.042	     0.087
  3.505920	    -0.062	     0.031	     0.039	     0.080
  3.509240	    -0.080	     0.026	     0.058	     0.102
  3.512560	    -0.075	     0.040	     0.069	     0.109
  3.515880	    -0.094	     0.020	     0.032	     0.101
  3.519200	    -0.066	     0.025	     0.065	     0.096
  3.522520	    -0.068	     0.034	     0.089	     0.117
  3.525840	    -0.062	     0.030	     0.050	     0.085
  3.529160	    -0.071	     0.065	     0.055	     0.111
  3.532480	    -0.088	     0.047	     0.068	     0.121
  3.535800	    -0.076	     0.020	     0.031	     0.084
  3.539120	    -0.045	     0.023	     0.071	     0.087
  3.542440	    -0.031	     0.041	     0.057	     0.077
  3.545760	    -0.065	     0.032	     0.045	     0.085
  3.549080	    -0.073	     0.005	     0.052	     0.090
  3.552400	    -0.065	     0.050	     0.076	     0.112
  3.555720	    -0.070	     0.043	     0.084	     0.117
  3.559040	    -0.082	     0.023	     0.047	     0.097
  3.562360	    -0.078	     0.032	     0.081	     0.117
  3.565680	    -0.092	     0.032	     0.065	     0.117
  3.569000	    -0.070	     0.023	     0.059	     0.094
  3.572320	    -0.107	     0.039	     0.059	     0.128
  3.575640	    -0.069	     0.019	     0.044	     0.084
  3.578960	    -0.063	     0.050	     0.002	     0.080
  3.582280	    -0.078	     0.028	     0.060	     0.102
  3.585600	    -0.078	     0.012	     0.072	     0.107
  3.588920	    -0.076	     0.017	     0.056	     0.096
  3.592240	    -0.058	     0.051	     0.050	     0.092
  3.595560	    -0.080	     0.043	     0.050	     0.104
  3.598880	    -0.067	     0.032	     0.057	     0.094
  3.602200	    -0.067	     0.039	     0.059	     0.097
  3.605520	    -0.094	     0.021	     0.077	     0.123
  3.608840	    -0.075	     0.036	     0.053	     0.099
  3.612160	    -0.077	     0.050	     0.068	     0.114
  3.615480	    -0.078	     0.021	     0.059	     0.100
  3.618800	    -0.099	     0.010	     0.057	     0.115
  3.622120	    -0.058	     0.035	     0.063	     0.093
  3.625440	    -0.059	     0.032	     0.068	     0.096
  3.628760	    -0.093	     0.026	     0.029	     0.101
  3.632080	    -0.081	     0.014	     0.055	     0.099
  3.635400	    -0.080	     0.049	     0.034	     0.100
  3.638720	    -0.090	     0.048	     0.045	     0.111
  3.642040	    -0.085	     0.052	     0.053	     0.113
  3.645360	    -0.073	     0.034	     0.065	     0.103
  3.648680	    -0.086	     0.028	     0.060	     0.109
  3.652000	    -0.077	     0.038	     0.074	     0.113
  3.655320	    -0.062	     0.029	     0.052	     0.086
  3.658640	    -0.093	     0.037	     0.070	     0.122
  3.661960	    -0.091	     0.029	     0.076	     0.122
  3.665280	    -0.089	     0.033	     0.065	     0.115
  3.668600	    -0.071	     0.050	     0.071	     0.112
  3.671920	    -0.067	     0.031	     0.040	     0.084
  3.675240	    -0.083	    -0.009	     0.047	     0.096
  3.678560	    -0.092	     0.032	     0.058	     0.113
  3.681880	    -0.066	     0.037	     0.053	     0.092
  3.685200	    -0.090	     0.020	     0.040	     0.100
  3.688520	    -0.070	     0.045	     0.052	     0.098
  3.691840	    -0.074	     0.034	     0.053	     0.097
  3.695160	    -0.092	     0.059	     0.030	     0.113
  3.698480	    -0.062	     0.037	     0.059	     0.093
  3.701800	    -0.075	     0.036	     0.044	     0.094
  3.705120	    -0.052	     0.020	     0.066	     0.086
  3.708440	    -0.076	     0.039	     0.041	     0.095
  3.711760	    -0.063	     0.045	     0.064	     0.100
  3.715080	    -0.057	     0.033	     0.061	     0.090
  3.718400	    -0.063	     0.034	     0.038	     0.081
  3.721720	    -0.089	     0.050	     0.059	     0.118
  3.725040	    -0.046	     0.039	     0.064	     0.088
  3.728360	    -0.038	     0.029	     0.096	     0.107
  3.731680	    -0.073	     0.019	     0.065	     0.100
  3.735000	    -0.080	     0.026	     0.090	     0.123
  3.738320	    -0.068	     0.053	     0.082	     0.119
  3.741640	    -0.071	     0.028	     0.065	     0.100
  3.744960	    -0.068	     0.046	     0.079	     0.114
  3.748280	    -0.080	     0.030	     0.060	     0.104
  3.751600	    -0.070	     0.061	     0.056	     0.108
  3.754920	    -0.058	     0.035	     0.054	     0.087
  3.758240	    -0.104	     0.035	     0.034	     0.115
  3.761560	    -0.050	     0.031	     0.058	     0.083
  3.764880	    -0.090	     0.010	     0.043	     0.100
  3.768200	    -0.077	     0.028	     0.059	     0.101
  3.771520	    -0.078	     0.026	     0.060	     0.102
  3.774840	    -0.074	     0.010	     0.052	     0.091
  3.778160	    -0.070	     0.033	     0.066	     0.102
  3.781480	    -0.078	     0.031	     0.053	     0.099
  3.784800	    -0.072	     0.046	     0.047	     0.098
  3.788120	    -0.065	     0.018	     0.079	     0.104
  3.791440	    -0.091	     0.046	     0.055	     0.116
  3.794760	    -0.086	     0.039	     0.076	     0.121
  3.798080	    -0.046	     0.046	     0.057	     0.086
  3.801400	    -0.045	     0.012	     0.060	     0.076
  3.804720	    -0.055	     0.032	     0.083	     0.105
  3.808040	    -0.049	     0.023	     0.065	     0.085
  3.811360	    -0.081	     0.031	     0.060	     0.105
  3.814680	    -0.063	     0.028	     0.055	     0.088
  3.818000	    -0.069	     0.025	     0.074	     0.104
  3.821320	    -0.068	     0.026	     0.064	     0.097
  3.824640	    -0.078	     0.034	     0.067	     0.108
  3.827960	    -0.048	     0.021	     0.051	     0.073
  3.831280	    -0.081	     0.038	     0.032	     0.095
  3.834600	    -0.042	     0.048	     0.058	     0.086
  3.837920	    -0.047	     0.036	     0.071	     0.092
  3.841240	    -0.075	     0.001	     0.072	     0.104
  3.844560	    -0.042	     0.040	     0.062	     0.085
  3.847880	    -0.069	     0.051	     0.053	     0.101
  3.851200	    -0.065	     0.023	     0.042	     0.081
  3.854520	    -0.080	     0.068	     0.067	     0.125
  3.857840	    -0.051	     0.018	     0.041	     0.068
  3.861160	    -0.058	     0.028	     0.029	     0.071
  3.864480	    -0.064	     0.022	     0.053	     0.086
  3.867800	    -0.051	     0.041	     0.056	     0.086
  3.871120	    -0.059	     0.055	     0.069	     0.106
  3.874440	    -0.050	     0.019	     0.060	     0.080
  3.877760	    -0.077	     0.035	     0.059	     0.103
  3.881080	    -0.081	     0.050	     0.055	     0.110
  3.884400	    -0.065	     0.051	     0.052	     0.098
  3.887720	    -0.062	     0.034	     0.078	     0.105
  3.891040	    -0.078	     0.037	     0.059	     0.105
  3.894360	    -0.105	     0.028	     0.055	     0.122
  3.897680	    -0.072	     0.017	     0.050	     0.089
  3.901000	    -0.079	     0.028	     0.044	     0.095
  3.904320	    -0.079	     0.027	     0.038	     0.092
  3.907640	    -0.080	     0.048	     0.041	     0.102
  3.910960	    -0.069	     0.036	     0.067	     0.103
  3.914280	    -0.068	     0.039	     0.060	     0.099
  3.917600	    -0.067	     0.023	     0.043	     0.083
  3.920920	    -0.073	     0.040	     0.060	     0.103
  3.924240	    -0.069	     0.028	     0.052	     0.091
  3.927560	    -0.077	     0.016	     0.069	     0.105
  3.930880	    -0.094	     0.049	     0.046	     0.116
  3.934200	    -0.068	     0.043	     0.050	     0.095
  3.937520	    -0.068	     0.061	     0.047	     0.103
  3.940840	    -0.062	     0.031	     0.048	     0.084
  3.944160	    -0.073	     0.055	     0.064	     0.112
  3.947480	    -0.067	     0.040	     0.056	     0.096
  3.950800	    -0.061	     0.043	     0.049	     0.089
  3.954120	    -0.085	     0.028	     0.067	     0.112
  3.957440	    -0.047	     0.027	     0.068	     0.087
  3.960760	    -0.069	     0.032	     0.072	     0.105
  3.964080	    -0.078	     0.032	     0.044	     0.095
  3.967400	    -0.070	     0.066	     0.073	     0.121
  3.970720	    -0.081	     0.001	     0.090	     0.121
  3.974040	    -0.072	     0.039	     0.058	     0.100
  3.977360	    -0.065	     0.053	     0.046	     0.096
  3.980680	    -0.071	     0.016	     0.075	     0.105
  3.984000	    -0.067	     0.046	     0.064	     0.103
  3.987320	    -0.055	     0.046	     0.066	     0.097
  3.990640	    -0.061	     0.034	     0.058	     0.091
  3.993960	    -0.077	     0.042	     0.055	     0.104
  3.997280	    -0.049	     0.063	     0.065	     0.103
