Bmod_probe,Bmod_std_probe,Bx_probe,Bx_std_probe,By_probe,By_std_probe,Bz_probe,Bz_std_probe,current_x_coil,current_y_coil,current_z_coil,Bmod_linear,slope,intercept
-0.4020453140111807,0.0002164124330999817,0.00814161129568125,7.687595500355292e-05,-0.020434800664451823,-3.293234879880782e-05,-0.4014431063122931,0.0001842134256099413,-500.28,0.0,0.0,-0.3950585664850093,0.0007826239771925043,-0.0035274431751433
-0.3841778623526101,0.0002906770447186173,0.010051079734219343,4.8822040989694726e-05,-0.019806063122923538,5.011780582225714e-05,-0.3835352990033227,0.0001419836772278975,-480.71,0.0,0.0,-0.37974261525135206,0.0007826239771925043,-0.0035274431751433
-0.37024943629793444,0.00017118441539919725,0.0075294850498340005,-0.00020474757412324018,-0.019418189368770728,9.783557965515558e-06,-0.3696632059800666,0.00010475168723844599,-460.73,0.0,0.0,-0.3641057881870458,0.0007826239771925043,-0.0035274431751433
-0.3514815211059361,9.542028362891954e-05,0.009287790697674325,6.090925081390008e-05,-0.017902408637873752,-5.1799560583268116e-05,-0.3509024086378738,0.00010342495292695215,-440.26,0.0,0.0,-0.34808547537391527,0.0007826239771925043,-0.0035274431751433
-0.33151764008393747,0.0002845110208983732,0.006869186046511516,3.9840546143045906e-05,-0.01676868770764116,-8.922283911783546e-05,-0.33102200996677716,0.00021258287447129638,-420.51,0.0,0.0,-0.3326286518243633,0.0007826239771925043,-0.0035274431751433
-0.31641839494175894,0.00042021269709722987,0.007811877076411955,8.08702026807856e-05,-0.016430647840531585,-5.5473073253592756e-05,-0.31589493355481724,0.0004169434737605008,-400.28,0.0,0.0,-0.3167961687657589,0.0007826239771925043,-0.0035274431751433
-0.30056589103637926,0.00027964161919573913,0.005609219269102933,-1.85130150847446e-05,-0.015438953488372119,-0.00010388176716510109,-0.30011669435215965,0.0002455821835741297,-380.83,0.0,0.0,-0.3015741324093647,0.0007826239771925043,-0.0035274431751433
-0.2944413610649146,0.00018945967713795845,0.008994601328903618,4.978284636697342e-05,-0.01354443521594684,-5.202721727477332e-05,-0.29399210963455213,-2.6098915714483847e-06,-360.37,0.0,0.0,-0.2855616458360061,0.0007826239771925043,-0.0035274431751433
-0.2749318874283877,0.00021989381175864173,0.0024389534883719477,9.30553894465131e-05,-0.01446470099667774,-1.7875533954154858e-05,-0.274540282392027,0.0001593561171019009,-340.75,0.0,0.0,-0.27020656340348914,0.0007826239771925043,-0.0035274431751433
-0.24756053309246562,0.0001486581922997836,0.004917358803986638,-7.605620802868338e-05,-0.011405730897009955,-4.5581350487852116e-05,-0.24724875415282402,0.0001519813182323409,-320.68,0.0,0.0,-0.25449930018123557,0.0007826239771925043,-0.0035274431751433
-0.23279405656990618,0.00029585778972796364,0.004073504983388598,-1.2440733649012915e-05,-0.011438953488372108,-6.548606735376451e-05,-0.23247715946843864,0.00024291984113759867,-300.14,0.0,0.0,-0.23842420368970155,0.0007826239771925043,-0.0035274431751433
-0.22080566166622462,0.00011216452189443662,0.00645888704318931,3.8945261699474456e-05,-0.01120639534883722,-7.740875753035068e-05,-0.22042649501661124,7.540390012995835e-05,-280.34,0.0,0.0,-0.22292824894128993,0.0007826239771925043,-0.0035274431751433
-0.20669243061215867,0.00028674413249685097,-0.0001482558139533352,0.00024287591739915277,-0.011223006644518321,-0.000124702933734355,-0.2063874584717607,0.0001702037043834724,-260.15,0.0,0.0,-0.2071270708417733,0.0007826239771925043,-0.0035274431751433
-0.19238646648743465,9.35444012066201e-05,0.008033637873753913,-4.2115541203163135e-05,-0.010053571428571467,5.972550404985573e-05,-0.19195556478405312,0.00024564849573100985,-240.48,0.0,0.0,-0.19173285721039673,0.0007826239771925043,-0.0035274431751433
-0.18081453473160983,0.00015563646058196472,0.01556769102990016,-6.994178604959999e-06,-0.010139119601328898,-0.00017112783836720517,-0.17985755813953452,0.00025437817539665985,-220.6,0.0,0.0,-0.17617429254380976,0.0007826239771925043,-0.0035274431751433
-0.1623377832838766,0.0003301975140970791,0.016400747508305502,0.0002651811611912246,-0.00982516611295682,-3.717626096875646e-05,-0.16120805647840464,0.0001398833945012029,-200.1,0.0,0.0,-0.16013050101136342,0.0007826239771925043,-0.0035274431751433
-0.14396740583825235,-3.5562378661919795e-05,0.005779485049833777,-4.921204780914757e-05,-0.007610049833887092,2.996505986054606e-05,-0.14364991694352128,0.00015802113507230745,-180.01,0.0,0.0,-0.144407585309566,0.0007826239771925043,-0.0035274431751433
-0.1305893786241777,0.00013904196388764061,0.00717732558139525,0.00015452231965044656,-0.00810340531561464,8.413687065130567e-06,-0.1301399501661129,6.073890392868826e-05,-160.14,0.0,0.0,-0.12885684688275093,0.0007826239771925043,-0.0035274431751433
-0.1116258444031521,0.0002161808863962336,0.008105897009966806,0.00012755982700304218,-0.007012873754152837,3.308515370635361e-05,-0.11111004983388698,0.0002284158355613376,-140.53,0.0,0.0,-0.11350959069000592,0.0007826239771925043,-0.0035274431751433
-0.08979480515598023,0.0001157754619229112,0.006242940199335384,8.737953866950294e-05,-0.005395764119601354,-3.6983142015909864e-05,-0.0894148671096345,8.549872878074608e-05,-120.2,0.0,0.0,-0.09759884523368231,0.0007826239771925043,-0.0035274431751433
-0.07898164641157494,0.00012582017387629792,0.003374999999999684,9.727783977087155e-05,-0.0044256644518272485,6.100360742587784e-05,-0.07878529900332222,1.1864789324925618e-05,-100.98,0.0,0.0,-0.08255681239204238,0.0007826239771925043,-0.0035274431751433
-0.06164253165942913,0.00037091526156903584,0.010905730897009802,0.00032459238595786057,-0.004546096345514981,-7.13494857421189e-05,-0.06049958471760797,-6.37866843151997e-05,-80.38,0.0,0.0,-0.06643475846187678,0.0007826239771925043,-0.0035274431751433
-0.04620522691121672,0.00025060059388048355,0.014269518272425646,0.00020658757700401948,-0.003330980066445211,-7.971330381573074e-05,-0.043820182724252546,-2.4796144037562366e-05,-60.33,0.0,0.0,-0.05074314771916708,0.0007826239771925043,-0.0035274431751433
-0.029517174778073692,0.000161866328906034,0.004857558139534979,0.00013997247330118506,-0.0018343023255814155,2.1335484840633284e-05,-0.029056893687707808,3.828019865898891e-05,-40.11,0.0,0.0,-0.03491849090033465,0.0007826239771925043,-0.0035274431751433
-0.0112791067314898,0.00024899349896384754,0.0015294850498339396,0.00025726650494005236,-0.0017919435215946796,-4.535125969675445e-05,-0.011030315614618098,0.00015867140929205032,-20.2,0.0,0.0,-0.019336447514431886,0.0007826239771925043,-0.0035274431751433
-0.0,0.0,0.0,0.0,0.0,0.0,0.0,0.0,0.0,0.0,0.0,-0.0035274431751433,0.0007826239771925043,-0.0035274431751433
0.019281525179334073,0.00020588910103999788,0.004109219269103043,0.00011582068954873971,0.0017769933554817232,-2.3552195694854453e-05,0.018754568106312125,-2.121913307731897e-05,20.13,0.0,0.0,0.012226777485741809,0.0007826239771925043,-0.0035274431751433
0.028520681831552885,2.4143395910500905e-05,-0.0021125415282393922,2.7340591577059738e-06,0.000617524916943505,4.6668432812928436e-05,0.028435631229235772,1.1498564734381198e-05,40.43,0.0,0.0,0.02811404422274965,0.0007826239771925043,-0.0035274431751433
0.04846237634806956,-8.112275389880654e-05,0.00405107973421906,2.072963093045733e-05,0.0035236710963454897,-8.226994413381913e-05,0.04816403654485067,-0.00015822936149745065,60.4,0.0,0.0,0.043743045047283956,0.0007826239771925043,-0.0035274431751433
0.06160620837229527,9.959864865653105e-05,-1.7857142857208297e-05,7.046071009409512e-05,0.003267026578073073,-5.6903959264342514e-05,0.061519518272425355,-1.5339824452161987e-05,80.07,0.0,0.0,0.05913725867866051,0.0007826239771925043,-0.0035274431751433
0.08069869108790842,8.194013179045525e-05,0.00031104651162824903,7.994868283641874e-05,0.004909883720930215,8.132717049770316e-05,0.08054858803986709,6.168342147155285e-05,100.3,0.0,0.0,0.07496974173726488,0.0007826239771925043,-0.0035274431751433
0.09674672855797746,0.00012531202144202723,0.0004348006644518676,4.115487678020384e-05,0.005090946843853812,7.809899429744036e-05,0.09661171096345525,9.295968121924821e-05,120.17,0.0,0.0,0.09052048016407994,0.0007826239771925043,-0.0035274431751433
0.11134679769869467,1.4925757714626987e-06,-0.005399916943521349,9.058028042164103e-05,0.007115033222591336,3.333902829993256e-05,0.11098795681063117,-0.00013078264819774968,140.5,0.0,0.0,0.10643122562040357,0.0007826239771925043,-0.0035274431751433
0.12376207995623345,0.00020122363334606303,0.0027786544850497974,0.00032845264789465407,0.006559385382059778,2.1816889202727965e-07,0.1235568936877075,-1.848828170559905e-05,160.03,0.0,0.0,0.12171587189497317,0.0007826239771925043,-0.0035274431751433
0.13623319654825422,1.4968907927526316e-05,-0.006151578073089664,-3.7629384625456445e-05,0.008407392026578048,4.5874728180519356e-05,0.13583430232558116,3.0812413294679583e-06,180.01,0.0,0.0,0.13735269895927937,0.0007826239771925043,-0.0035274431751433
0.14212184575327722,0.0001632162713672133,0.001474667774086308,7.905923059159901e-05,0.009747923588039834,5.573101219061641e-05,0.1417794850498341,1.9701181556022393e-05,200.07,0.0,0.0,0.15305213594176104,0.0007826239771925043,-0.0035274431751433
0.15957745012328922,0.0001040561815193494,0.005360880398671247,0.00015752171681754183,0.010006229235880364,0.00011392011949436535,0.1591731727574751,-7.506791072731805e-05,220.72,0.0,0.0,0.16921332107078624,0.0007826239771925043,-0.0035274431751433
0.17534667709171176,0.00011139306766519072,-0.0005901162790697134,0.00012161379138692129,0.011051079734219236,-7.07033084171825e-06,0.17499709302325606,8.792467817292414e-05,240.06,0.0,0.0,0.18434926878968927,0.0007826239771925043,-0.0035274431751433
0.19501749095085497,3.604048895266719e-05,-0.006526993355481708,7.755381815112905e-05,0.013190614617940164,5.733198391659044e-05,0.19446137873754077,-8.570367923785554e-05,260.36,0.0,0.0,0.20023653552669712,0.0007826239771925043,-0.0035274431751433
0.21007956856785193,0.00030813687186380346,-0.0025286544850498527,0.0003428855130262337,0.012948920265780694,0.00019730966564955512,0.209664867109634,9.250966269605141e-05,280.73,0.0,0.0,0.21617858594210843,0.0007826239771925043,-0.0035274431751433
0.23228849147344913,6.558767302068799e-05,-0.006700581395348848,3.879423282702457e-05,0.014603405315614578,6.878748226429128e-05,0.23173214285714194,-6.789082181492701e-05,300.79,0.0,0.0,0.2318780229245901,0.0007826239771925043,-0.0035274431751433
0.2453282533882721,-0.00011797184010387592,0.008141611295681112,0.0002883309359190357,0.014616694352159423,8.087358250023161e-05,0.24475705980066403,-0.00022722586576170425,320.77,0.0,0.0,0.24751484998889628,0.0007826239771925043,-0.0035274431751433
0.2626270982314801,-7.919936627843885e-05,0.0073351328903653035,-5.222458889776217e-05,0.017263704318936847,0.00019762905045104867,0.26195639534883763,-0.00014634642819511554,340.55,0.0,0.0,0.26299515225776404,0.0007826239771925043,-0.0035274431751433
0.27696746926956245,8.994080210771331e-05,0.003483803986711026,0.00016417923360185832,0.016453073089700954,7.529643612073141e-05,0.27645639534883826,-0.00011702651088460036,360.93,0.0,0.0,0.27894502891294726,0.0007826239771925043,-0.0035274431751433
0.2906999768688494,4.21935042389898e-05,0.004311046511628086,0.0004137423982926414,0.017512873754152787,2.5171431132038104e-05,0.29013995016611427,-0.00013640138058084155,380.41,0.0,0.0,0.2941905439886573,0.0007826239771925043,-0.0035274431751433
0.30745803334436855,9.743202662461023e-05,0.002690614617940401,0.00011861423377117946,0.017245431893687668,0.00010671984745114823,0.3069622093023256,-3.787428862764763e-05,400.72,0.0,0.0,0.31008563696543706,0.0007826239771925043,-0.0035274431751433
0.32559868577040596,0.0002180162951702421,0.0018068936877077002,0.00028896335412664353,0.019046096345514914,7.996253546739595e-05,0.32503612956810546,2.3486313185980268e-05,420.25,0.0,0.0,0.3253702832400066,0.0007826239771925043,-0.0035274431751433
0.3451208118912331,0.00023760569952995013,-0.0007819767441860914,0.00021179941369107481,0.020150747508305606,3.0306701465824138e-05,0.3445311461794013,0.0001306070740357962,440.36,0.0,0.0,0.3411088514213479,0.0007826239771925043,-0.0035274431751433
0.35570013525523386,0.00020966573280288862,-0.010338455149501546,8.945262036909101e-05,0.020776993355481686,4.257119316104525e-05,0.35494227574750753,8.320041100659493e-05,460.86,0.0,0.0,0.35715264295379423,0.0007826239771925043,-0.0035274431751433
0.37346460140541754,-2.6865882804479307e-05,-0.003980481727574758,9.289432915062868e-05,0.019657392026578027,8.447493460574758e-05,0.37292566445182784,-0.0001573210402086682,480.86,0.0,0.0,0.3728051224976443,0.0007826239771925043,-0.0035274431751433
0.3898868295525277,2.9949105857122148e-05,-0.0018450996677741027,-3.9886215108097395e-06,0.021986295681063077,0.00010998350757503552,0.3892620431893695,-0.00010942958286756527,500.91,0.0,0.0,0.38849673324035405,0.0007826239771925043,-0.0035274431751433
