All   channel acquired
Date[dd-mm-yy]= 02-07-21   Time= 16:8:24
  time[s]	      Bx[mT]	     By[mT]	      Bz[mT]	     Bmod[mT]
  0.003320	     0.062	    -0.320	     0.067	     0.333
  0.006640	     0.058	    -0.301	     0.065	     0.313
  0.009960	     0.070	    -0.305	     0.088	     0.325
  0.013280	     0.082	    -0.288	     0.093	     0.314
  0.016600	     0.087	    -0.294	     0.088	     0.319
  0.019920	     0.072	    -0.317	     0.076	     0.334
  0.023240	     0.078	    -0.311	     0.074	     0.329
  0.026560	     0.102	    -0.312	     0.078	     0.337
  0.029880	     0.094	    -0.317	     0.053	     0.335
  0.033200	     0.091	    -0.314	     0.074	     0.335
  0.036520	     0.071	    -0.311	     0.056	     0.324
  0.039840	     0.054	    -0.294	     0.055	     0.304
  0.043160	     0.079	    -0.299	     0.049	     0.313
  0.046480	     0.088	    -0.294	     0.085	     0.318
  0.049800	     0.090	    -0.301	     0.085	     0.325
  0.053120	     0.072	    -0.311	     0.063	     0.325
  0.056440	     0.093	    -0.316	     0.071	     0.337
  0.059760	     0.094	    -0.297	     0.069	     0.319
  0.063080	     0.080	    -0.328	     0.047	     0.341
  0.066400	     0.068	    -0.273	     0.087	     0.294
  0.069720	     0.083	    -0.293	     0.053	     0.309
  0.073040	     0.053	    -0.286	     0.070	     0.299
  0.076360	     0.061	    -0.286	     0.068	     0.300
  0.079680	     0.092	    -0.306	     0.081	     0.330
  0.083000	     0.076	    -0.299	     0.094	     0.323
  0.086320	     0.082	    -0.310	     0.047	     0.324
  0.089640	     0.067	    -0.317	     0.086	     0.335
  0.092960	     0.075	    -0.294	     0.056	     0.309
  0.096280	     0.079	    -0.277	     0.075	     0.298
  0.099600	     0.096	    -0.322	     0.055	     0.340
  0.102920	     0.069	    -0.308	     0.077	     0.325
  0.106240	     0.073	    -0.280	     0.054	     0.294
  0.109560	     0.069	    -0.314	     0.076	     0.330
  0.112880	     0.091	    -0.292	     0.056	     0.311
  0.116200	     0.084	    -0.310	     0.034	     0.323
  0.119520	     0.081	    -0.292	     0.083	     0.314
  0.122840	     0.060	    -0.299	     0.077	     0.315
  0.126160	     0.080	    -0.284	     0.077	     0.305
  0.129480	     0.086	    -0.305	     0.064	     0.323
  0.132800	     0.100	    -0.311	     0.068	     0.334
  0.136120	     0.069	    -0.295	     0.087	     0.315
  0.139440	     0.087	    -0.311	     0.064	     0.329
  0.142760	     0.075	    -0.303	     0.073	     0.321
  0.146080	     0.069	    -0.297	     0.048	     0.309
  0.149400	     0.078	    -0.288	     0.071	     0.307
  0.152720	     0.067	    -0.301	     0.050	     0.312
  0.156040	     0.083	    -0.301	     0.086	     0.324
  0.159360	     0.076	    -0.294	     0.090	     0.317
  0.162680	     0.086	    -0.316	     0.067	     0.334
  0.166000	     0.070	    -0.320	     0.050	     0.331
  0.169320	     0.059	    -0.299	     0.071	     0.313
  0.172640	     0.066	    -0.288	     0.042	     0.298
  0.175960	     0.102	    -0.302	     0.065	     0.325
  0.179280	     0.094	    -0.308	     0.077	     0.331
  0.182600	     0.111	    -0.291	     0.064	     0.318
  0.185920	     0.072	    -0.319	     0.068	     0.334
  0.189240	     0.076	    -0.317	     0.105	     0.342
  0.192560	     0.072	    -0.275	     0.071	     0.293
  0.195880	     0.069	    -0.330	     0.055	     0.342
  0.199200	     0.092	    -0.306	     0.089	     0.332
  0.202520	     0.086	    -0.294	     0.049	     0.310
  0.205840	     0.090	    -0.292	     0.070	     0.313
  0.209160	     0.075	    -0.293	     0.060	     0.308
  0.212480	     0.092	    -0.304	     0.059	     0.323
  0.215800	     0.060	    -0.270	     0.095	     0.292
  0.219120	     0.055	    -0.298	     0.059	     0.309
  0.222440	     0.078	    -0.294	     0.056	     0.309
  0.225760	     0.090	    -0.300	     0.072	     0.321
  0.229080	     0.087	    -0.301	     0.082	     0.324
  0.232400	     0.092	    -0.275	     0.076	     0.300
  0.235720	     0.063	    -0.297	     0.071	     0.312
  0.239040	     0.069	    -0.297	     0.093	     0.319
  0.242360	     0.088	    -0.323	     0.093	     0.347
  0.245680	     0.099	    -0.298	     0.070	     0.322
  0.249000	     0.123	    -0.300	     0.063	     0.330
  0.252320	     0.093	    -0.318	     0.071	     0.339
  0.255640	     0.108	    -0.302	     0.072	     0.329
  0.258960	     0.099	    -0.309	     0.052	     0.329
  0.262280	     0.058	    -0.306	     0.095	     0.326
  0.265600	     0.070	    -0.277	     0.073	     0.295
  0.268920	     0.070	    -0.309	     0.054	     0.321
  0.272240	     0.080	    -0.314	     0.074	     0.332
  0.275560	     0.099	    -0.310	     0.093	     0.338
  0.278880	     0.065	    -0.297	     0.047	     0.308
  0.282200	     0.081	    -0.297	     0.071	     0.316
  0.285520	     0.094	    -0.286	     0.060	     0.307
  0.288840	     0.070	    -0.301	     0.069	     0.317
  0.292160	     0.086	    -0.316	     0.083	     0.338
  0.295480	     0.097	    -0.305	     0.085	     0.331
  0.298800	     0.065	    -0.297	     0.065	     0.311
  0.302120	     0.081	    -0.309	     0.085	     0.331
  0.305440	     0.070	    -0.309	     0.097	     0.331
  0.308760	     0.076	    -0.288	     0.062	     0.304
  0.312080	     0.075	    -0.296	     0.065	     0.312
  0.315400	     0.106	    -0.276	     0.069	     0.304
  0.318720	     0.059	    -0.314	     0.078	     0.329
  0.322040	     0.079	    -0.305	     0.077	     0.324
  0.325360	     0.068	    -0.291	     0.084	     0.310
  0.328680	     0.065	    -0.316	     0.102	     0.338
  0.332000	     0.057	    -0.297	     0.079	     0.313
  0.335320	     0.113	    -0.281	     0.058	     0.308
  0.338640	     0.073	    -0.305	     0.077	     0.323
  0.341960	     0.070	    -0.313	     0.054	     0.325
  0.345280	     0.062	    -0.329	     0.063	     0.341
  0.348600	     0.070	    -0.328	     0.084	     0.346
  0.351920	     0.072	    -0.298	     0.078	     0.316
  0.355240	     0.087	    -0.320	     0.105	     0.348
  0.358560	     0.072	    -0.320	     0.096	     0.342
  0.361880	     0.088	    -0.304	     0.095	     0.330
  0.365200	     0.067	    -0.311	     0.080	     0.328
  0.368520	     0.079	    -0.299	     0.101	     0.325
  0.371840	     0.074	    -0.285	     0.078	     0.305
  0.375160	     0.062	    -0.322	     0.092	     0.341
  0.378480	     0.091	    -0.292	     0.089	     0.319
  0.381800	     0.091	    -0.300	     0.052	     0.318
  0.385120	     0.102	    -0.284	     0.056	     0.307
  0.388440	     0.080	    -0.298	     0.073	     0.317
  0.391760	     0.062	    -0.289	     0.057	     0.301
  0.395080	     0.079	    -0.319	     0.087	     0.340
  0.398400	     0.087	    -0.302	     0.055	     0.319
  0.401720	     0.070	    -0.331	     0.073	     0.346
  0.405040	     0.084	    -0.303	     0.061	     0.320
  0.408360	     0.084	    -0.305	     0.074	     0.325
  0.411680	     0.091	    -0.321	     0.082	     0.344
  0.415000	     0.087	    -0.303	     0.064	     0.322
  0.418320	     0.088	    -0.278	     0.084	     0.303
  0.421640	     0.094	    -0.307	     0.081	     0.331
  0.424960	     0.073	    -0.277	     0.060	     0.293
  0.428280	     0.073	    -0.286	     0.061	     0.301
  0.431600	     0.098	    -0.318	     0.095	     0.346
  0.434920	     0.092	    -0.312	     0.072	     0.333
  0.438240	     0.085	    -0.301	     0.072	     0.321
  0.441560	     0.101	    -0.319	     0.089	     0.346
  0.444880	     0.064	    -0.308	     0.069	     0.322
  0.448200	     0.066	    -0.307	     0.086	     0.326
  0.451520	     0.061	    -0.306	     0.072	     0.320
  0.454840	     0.084	    -0.289	     0.050	     0.305
  0.458160	     0.059	    -0.309	     0.068	     0.322
  0.461480	     0.069	    -0.283	     0.067	     0.299
  0.464800	     0.067	    -0.288	     0.068	     0.303
  0.468120	     0.058	    -0.301	     0.058	     0.312
  0.471440	     0.071	    -0.298	     0.069	     0.314
  0.474760	     0.080	    -0.295	     0.078	     0.315
  0.478080	     0.073	    -0.309	     0.068	     0.325
  0.481400	     0.095	    -0.332	     0.102	     0.360
  0.484720	     0.053	    -0.288	     0.099	     0.309
  0.488040	     0.073	    -0.306	     0.083	     0.325
  0.491360	     0.069	    -0.312	     0.071	     0.327
  0.494680	     0.081	    -0.304	     0.104	     0.331
  0.498000	     0.079	    -0.315	     0.094	     0.338
  0.501320	     0.061	    -0.290	     0.054	     0.301
  0.504640	     0.060	    -0.303	     0.094	     0.323
  0.507960	     0.068	    -0.311	     0.089	     0.331
  0.511280	     0.079	    -0.310	     0.103	     0.336
  0.514600	     0.089	    -0.298	     0.084	     0.322
  0.517920	     0.048	    -0.332	     0.062	     0.341
  0.521240	     0.061	    -0.307	     0.088	     0.325
  0.524560	     0.089	    -0.294	     0.080	     0.317
  0.527880	     0.088	    -0.302	     0.059	     0.320
  0.531200	     0.075	    -0.314	     0.034	     0.325
  0.534520	     0.058	    -0.295	     0.096	     0.316
  0.537840	     0.077	    -0.284	     0.064	     0.301
  0.541160	     0.072	    -0.328	     0.063	     0.342
  0.544480	     0.050	    -0.308	     0.047	     0.316
  0.547800	     0.080	    -0.306	     0.075	     0.325
  0.551120	     0.075	    -0.300	     0.071	     0.317
  0.554440	     0.102	    -0.317	     0.096	     0.347
  0.557760	     0.079	    -0.298	     0.069	     0.316
  0.561080	     0.076	    -0.288	     0.080	     0.308
  0.564400	     0.106	    -0.304	     0.064	     0.328
  0.567720	     0.110	    -0.297	     0.058	     0.322
  0.571040	     0.076	    -0.291	     0.066	     0.308
  0.574360	     0.080	    -0.303	     0.050	     0.317
  0.577680	     0.080	    -0.334	     0.075	     0.352
  0.581000	     0.066	    -0.314	     0.069	     0.328
  0.584320	     0.094	    -0.323	     0.071	     0.344
  0.587640	     0.083	    -0.327	     0.086	     0.348
  0.590960	     0.084	    -0.289	     0.046	     0.304
  0.594280	     0.070	    -0.289	     0.068	     0.305
  0.597600	     0.088	    -0.279	     0.078	     0.303
  0.600920	     0.069	    -0.290	     0.072	     0.307
  0.604240	     0.094	    -0.303	     0.075	     0.326
  0.607560	     0.081	    -0.296	     0.072	     0.315
  0.610880	     0.072	    -0.298	     0.074	     0.315
  0.614200	     0.066	    -0.295	     0.075	     0.311
  0.617520	     0.088	    -0.301	     0.063	     0.320
  0.620840	     0.084	    -0.300	     0.074	     0.320
  0.624160	     0.070	    -0.288	     0.048	     0.300
  0.627480	     0.072	    -0.335	     0.078	     0.351
  0.630800	     0.082	    -0.278	     0.094	     0.305
  0.634120	     0.088	    -0.306	     0.069	     0.326
  0.637440	     0.079	    -0.287	     0.064	     0.304
  0.640760	     0.083	    -0.320	     0.075	     0.339
  0.644080	     0.086	    -0.297	     0.059	     0.315
  0.647400	     0.070	    -0.299	     0.090	     0.320
  0.650720	     0.104	    -0.304	     0.051	     0.325
  0.654040	     0.088	    -0.308	     0.086	     0.332
  0.657360	     0.080	    -0.295	     0.066	     0.313
  0.660680	     0.078	    -0.292	     0.077	     0.312
  0.664000	     0.059	    -0.298	     0.075	     0.313
  0.667320	     0.066	    -0.314	     0.064	     0.327
  0.670640	     0.088	    -0.313	     0.052	     0.329
  0.673960	     0.073	    -0.292	     0.068	     0.309
  0.677280	     0.082	    -0.277	     0.074	     0.298
  0.680600	     0.080	    -0.326	     0.096	     0.349
  0.683920	     0.082	    -0.266	     0.061	     0.285
  0.687240	     0.066	    -0.322	     0.072	     0.336
  0.690560	     0.052	    -0.330	     0.062	     0.340
  0.693880	     0.086	    -0.328	     0.077	     0.348
  0.697200	     0.067	    -0.326	     0.078	     0.342
  0.700520	     0.069	    -0.303	     0.067	     0.318
  0.703840	     0.082	    -0.299	     0.088	     0.322
  0.707160	     0.061	    -0.298	     0.085	     0.316
  0.710480	     0.078	    -0.301	     0.058	     0.316
  0.713800	     0.080	    -0.312	     0.086	     0.333
  0.717120	     0.063	    -0.307	     0.078	     0.323
  0.720440	     0.082	    -0.292	     0.056	     0.308
  0.723760	     0.109	    -0.305	     0.059	     0.329
  0.727080	     0.089	    -0.291	     0.077	     0.314
  0.730400	     0.069	    -0.316	     0.059	     0.329
  0.733720	     0.093	    -0.321	     0.070	     0.341
  0.737040	     0.069	    -0.300	     0.050	     0.312
  0.740360	     0.070	    -0.294	     0.083	     0.313
  0.743680	     0.075	    -0.301	     0.067	     0.317
  0.747000	     0.088	    -0.317	     0.069	     0.336
  0.750320	     0.109	    -0.321	     0.063	     0.345
  0.753640	     0.080	    -0.311	     0.070	     0.329
  0.756960	     0.067	    -0.292	     0.069	     0.307
  0.760280	     0.072	    -0.324	     0.070	     0.339
  0.763600	     0.104	    -0.298	     0.067	     0.323
  0.766920	     0.075	    -0.300	     0.071	     0.317
  0.770240	     0.072	    -0.329	     0.076	     0.345
  0.773560	     0.098	    -0.316	     0.088	     0.342
  0.776880	     0.066	    -0.320	     0.089	     0.339
  0.780200	     0.083	    -0.303	     0.080	     0.324
  0.783520	     0.069	    -0.297	     0.094	     0.319
  0.786840	     0.094	    -0.288	     0.076	     0.312
  0.790160	     0.083	    -0.284	     0.088	     0.309
  0.793480	     0.068	    -0.303	     0.064	     0.317
  0.796800	     0.105	    -0.257	     0.077	     0.288
  0.800120	     0.086	    -0.305	     0.076	     0.326
  0.803440	     0.072	    -0.308	     0.077	     0.326
  0.806760	     0.074	    -0.312	     0.078	     0.330
  0.810080	     0.081	    -0.307	     0.080	     0.327
  0.813400	     0.072	    -0.295	     0.052	     0.308
  0.816720	     0.085	    -0.305	     0.066	     0.323
  0.820040	     0.054	    -0.340	     0.081	     0.354
  0.823360	     0.092	    -0.297	     0.071	     0.319
  0.826680	     0.068	    -0.305	     0.055	     0.317
  0.830000	     0.069	    -0.299	     0.070	     0.315
  0.833320	     0.072	    -0.294	     0.066	     0.310
  0.836640	     0.082	    -0.315	     0.087	     0.337
  0.839960	     0.087	    -0.326	     0.073	     0.345
  0.843280	     0.059	    -0.306	     0.062	     0.318
  0.846600	     0.075	    -0.294	     0.087	     0.316
  0.849920	     0.079	    -0.295	     0.068	     0.313
  0.853240	     0.057	    -0.302	     0.092	     0.321
  0.856560	     0.108	    -0.312	     0.068	     0.337
  0.859880	     0.048	    -0.311	     0.097	     0.329
  0.863200	     0.072	    -0.286	     0.070	     0.303
  0.866520	     0.087	    -0.314	     0.068	     0.333
  0.869840	     0.083	    -0.297	     0.056	     0.313
  0.873160	     0.094	    -0.303	     0.078	     0.327
  0.876480	     0.093	    -0.290	     0.053	     0.309
  0.879800	     0.105	    -0.294	     0.065	     0.319
  0.883120	     0.076	    -0.309	     0.065	     0.325
  0.886440	     0.099	    -0.291	     0.101	     0.324
  0.889760	     0.105	    -0.289	     0.056	     0.313
  0.893080	     0.100	    -0.302	     0.067	     0.325
  0.896400	     0.078	    -0.292	     0.074	     0.311
  0.899720	     0.105	    -0.294	     0.073	     0.321
  0.903040	     0.092	    -0.297	     0.066	     0.318
  0.906360	     0.103	    -0.300	     0.078	     0.327
  0.909680	     0.089	    -0.294	     0.079	     0.317
  0.913000	     0.091	    -0.308	     0.083	     0.332
  0.916320	     0.073	    -0.303	     0.067	     0.319
  0.919640	     0.077	    -0.300	     0.055	     0.315
  0.922960	     0.112	    -0.306	     0.068	     0.333
  0.926280	     0.105	    -0.300	     0.049	     0.322
  0.929600	     0.081	    -0.301	     0.050	     0.316
  0.932920	     0.106	    -0.292	     0.073	     0.319
  0.936240	     0.091	    -0.282	     0.068	     0.304
  0.939560	     0.084	    -0.296	     0.058	     0.313
  0.942880	     0.097	    -0.298	     0.075	     0.322
  0.946200	     0.054	    -0.322	     0.076	     0.335
  0.949520	     0.076	    -0.296	     0.071	     0.314
  0.952840	     0.085	    -0.305	     0.034	     0.318
  0.956160	     0.093	    -0.282	     0.060	     0.303
  0.959480	     0.085	    -0.310	     0.086	     0.333
  0.962800	     0.070	    -0.278	     0.064	     0.294
  0.966120	     0.073	    -0.280	     0.087	     0.302
  0.969440	     0.079	    -0.313	     0.062	     0.329
  0.972760	     0.077	    -0.329	     0.059	     0.343
  0.976080	     0.063	    -0.296	     0.059	     0.308
  0.979400	     0.099	    -0.284	     0.057	     0.306
  0.982720	     0.099	    -0.300	     0.080	     0.326
  0.986040	     0.092	    -0.284	     0.079	     0.309
  0.989360	     0.068	    -0.294	     0.067	     0.309
  0.992680	     0.088	    -0.277	     0.071	     0.299
  0.996000	     0.095	    -0.294	     0.080	     0.319
  0.999320	     0.102	    -0.321	     0.046	     0.340
  1.002640	     0.096	    -0.299	     0.070	     0.322
  1.005960	     0.089	    -0.311	     0.087	     0.335
  1.009280	     0.100	    -0.314	     0.072	     0.337
  1.012600	     0.068	    -0.293	     0.068	     0.308
  1.015920	     0.094	    -0.306	     0.062	     0.326
  1.019240	     0.091	    -0.316	     0.067	     0.336
  1.022560	     0.106	    -0.288	     0.067	     0.314
  1.025880	     0.085	    -0.312	     0.060	     0.329
  1.029200	     0.088	    -0.287	     0.088	     0.313
  1.032520	     0.056	    -0.305	     0.051	     0.314
  1.035840	     0.074	    -0.297	     0.060	     0.312
  1.039160	     0.073	    -0.295	     0.075	     0.313
  1.042480	     0.081	    -0.326	     0.067	     0.343
  1.045800	     0.072	    -0.315	     0.080	     0.333
  1.049120	     0.089	    -0.309	     0.064	     0.328
  1.052440	     0.075	    -0.306	     0.081	     0.325
  1.055760	     0.111	    -0.301	     0.080	     0.331
  1.059080	     0.088	    -0.295	     0.077	     0.317
  1.062400	     0.075	    -0.301	     0.081	     0.321
  1.065720	     0.091	    -0.305	     0.050	     0.322
  1.069040	     0.085	    -0.318	     0.052	     0.333
  1.072360	     0.057	    -0.294	     0.092	     0.313
  1.075680	     0.083	    -0.303	     0.096	     0.329
  1.079000	     0.063	    -0.301	     0.068	     0.315
  1.082320	     0.095	    -0.326	     0.086	     0.350
  1.085640	     0.066	    -0.309	     0.061	     0.322
  1.088960	     0.084	    -0.285	     0.075	     0.306
  1.092280	     0.089	    -0.288	     0.105	     0.319
  1.095600	     0.064	    -0.310	     0.072	     0.325
  1.098920	     0.075	    -0.332	     0.061	     0.346
  1.102240	     0.077	    -0.325	     0.081	     0.344
  1.105560	     0.060	    -0.292	     0.052	     0.303
  1.108880	     0.071	    -0.298	     0.059	     0.312
  1.112200	     0.088	    -0.306	     0.062	     0.324
  1.115520	     0.072	    -0.294	     0.070	     0.311
  1.118840	     0.085	    -0.306	     0.068	     0.325
  1.122160	     0.083	    -0.301	     0.072	     0.320
  1.125480	     0.092	    -0.283	     0.077	     0.307
  1.128800	     0.083	    -0.312	     0.071	     0.331
  1.132120	     0.081	    -0.318	     0.078	     0.337
  1.135440	     0.108	    -0.323	     0.045	     0.344
  1.138760	     0.079	    -0.306	     0.077	     0.325
  1.142080	     0.062	    -0.292	     0.087	     0.311
  1.145400	     0.085	    -0.323	     0.058	     0.339
  1.148720	     0.068	    -0.295	     0.081	     0.313
  1.152040	     0.090	    -0.301	     0.083	     0.325
  1.155360	     0.096	    -0.284	     0.057	     0.305
  1.158680	     0.081	    -0.305	     0.065	     0.322
  1.162000	     0.094	    -0.285	     0.096	     0.315
  1.165320	     0.094	    -0.322	     0.069	     0.342
  1.168640	     0.097	    -0.308	     0.083	     0.333
  1.171960	     0.097	    -0.305	     0.071	     0.328
  1.175280	     0.086	    -0.282	     0.094	     0.309
  1.178600	     0.104	    -0.312	     0.098	     0.343
  1.181920	     0.096	    -0.275	     0.065	     0.298
  1.185240	     0.088	    -0.314	     0.066	     0.333
  1.188560	     0.093	    -0.289	     0.083	     0.315
  1.191880	     0.124	    -0.297	     0.061	     0.328
  1.195200	     0.066	    -0.301	     0.106	     0.326
  1.198520	     0.095	    -0.307	     0.075	     0.330
  1.201840	     0.087	    -0.281	     0.076	     0.304
  1.205160	     0.105	    -0.289	     0.075	     0.316
  1.208480	     0.061	    -0.291	     0.088	     0.310
  1.211800	     0.090	    -0.303	     0.077	     0.325
  1.215120	     0.058	    -0.290	     0.105	     0.314
  1.218440	     0.077	    -0.308	     0.091	     0.330
  1.221760	     0.081	    -0.288	     0.074	     0.308
  1.225080	     0.078	    -0.303	     0.067	     0.320
  1.228400	     0.068	    -0.298	     0.074	     0.314
  1.231720	     0.082	    -0.294	     0.092	     0.319
  1.235040	     0.069	    -0.318	     0.076	     0.334
  1.238360	     0.105	    -0.295	     0.062	     0.319
  1.241680	     0.086	    -0.314	     0.076	     0.334
  1.245000	     0.095	    -0.308	     0.083	     0.333
  1.248320	     0.045	    -0.296	     0.074	     0.308
  1.251640	     0.094	    -0.288	     0.074	     0.312
  1.254960	     0.084	    -0.324	     0.065	     0.341
  1.258280	     0.070	    -0.294	     0.064	     0.309
  1.261600	     0.074	    -0.322	     0.061	     0.336
  1.264920	     0.107	    -0.280	     0.074	     0.309
  1.268240	     0.079	    -0.296	     0.096	     0.321
  1.271560	     0.080	    -0.297	     0.097	     0.323
  1.274880	     0.060	    -0.303	     0.092	     0.322
  1.278200	     0.104	    -0.309	     0.096	     0.340
  1.281520	     0.072	    -0.291	     0.070	     0.308
  1.284840	     0.080	    -0.301	     0.101	     0.327
  1.288160	     0.075	    -0.307	     0.077	     0.325
  1.291480	     0.087	    -0.313	     0.092	     0.338
  1.294800	     0.064	    -0.298	     0.085	     0.316
  1.298120	     0.076	    -0.317	     0.071	     0.334
  1.301440	     0.067	    -0.301	     0.093	     0.322
  1.304760	     0.073	    -0.301	     0.067	     0.317
  1.308080	     0.063	    -0.320	     0.076	     0.335
  1.311400	     0.062	    -0.308	     0.066	     0.321
  1.314720	     0.073	    -0.299	     0.089	     0.320
  1.318040	     0.073	    -0.302	     0.071	     0.319
  1.321360	     0.079	    -0.283	     0.085	     0.306
  1.324680	     0.035	    -0.306	     0.067	     0.315
  1.328000	     0.105	    -0.322	     0.086	     0.349
  1.331320	     0.105	    -0.292	     0.072	     0.319
  1.334640	     0.105	    -0.311	     0.056	     0.333
  1.337960	     0.093	    -0.289	     0.084	     0.315
  1.341280	     0.109	    -0.302	     0.081	     0.331
  1.344600	     0.093	    -0.291	     0.092	     0.319
  1.347920	     0.065	    -0.304	     0.094	     0.325
  1.351240	     0.097	    -0.323	     0.086	     0.348
  1.354560	     0.091	    -0.326	     0.081	     0.348
  1.357880	     0.097	    -0.312	     0.077	     0.336
  1.361200	     0.101	    -0.295	     0.090	     0.325
  1.364520	     0.085	    -0.309	     0.075	     0.329
  1.367840	     0.090	    -0.309	     0.061	     0.328
  1.371160	     0.109	    -0.295	     0.090	     0.327
  1.374480	     0.100	    -0.313	     0.068	     0.336
  1.377800	     0.086	    -0.308	     0.050	     0.324
  1.381120	     0.091	    -0.300	     0.091	     0.326
  1.384440	     0.106	    -0.303	     0.063	     0.327
  1.387760	     0.085	    -0.306	     0.069	     0.325
  1.391080	     0.112	    -0.302	     0.073	     0.330
  1.394400	     0.094	    -0.295	     0.071	     0.318
  1.397720	     0.079	    -0.315	     0.076	     0.334
  1.401040	     0.079	    -0.315	     0.057	     0.330
  1.404360	     0.057	    -0.305	     0.068	     0.318
  1.407680	     0.078	    -0.305	     0.080	     0.325
  1.411000	     0.102	    -0.309	     0.080	     0.335
  1.414320	     0.086	    -0.284	     0.085	     0.309
  1.417640	     0.101	    -0.320	     0.074	     0.344
  1.420960	     0.104	    -0.324	     0.102	     0.355
  1.424280	     0.101	    -0.283	     0.056	     0.306
  1.427600	     0.082	    -0.304	     0.093	     0.328
  1.430920	     0.102	    -0.314	     0.090	     0.342
  1.434240	     0.070	    -0.308	     0.068	     0.323
  1.437560	     0.102	    -0.298	     0.061	     0.321
  1.440880	     0.078	    -0.310	     0.072	     0.328
  1.444200	     0.088	    -0.310	     0.065	     0.329
  1.447520	     0.087	    -0.313	     0.078	     0.334
  1.450840	     0.106	    -0.298	     0.092	     0.329
  1.454160	     0.095	    -0.310	     0.114	     0.344
  1.457480	     0.080	    -0.294	     0.095	     0.319
  1.460800	     0.079	    -0.298	     0.087	     0.320
  1.464120	     0.102	    -0.292	     0.083	     0.320
  1.467440	     0.099	    -0.319	     0.052	     0.338
  1.470760	     0.109	    -0.313	     0.077	     0.340
  1.474080	     0.087	    -0.292	     0.051	     0.309
  1.477400	     0.082	    -0.322	     0.081	     0.342
  1.480720	     0.098	    -0.311	     0.074	     0.334
  1.484040	     0.091	    -0.309	     0.065	     0.329
  1.487360	     0.065	    -0.291	     0.087	     0.311
  1.490680	     0.089	    -0.305	     0.061	     0.324
  1.494000	     0.079	    -0.305	     0.077	     0.324
  1.497320	     0.045	    -0.304	     0.079	     0.317
  1.500640	     0.083	    -0.326	     0.092	     0.349
  1.503960	     0.072	    -0.297	     0.075	     0.315
  1.507280	     0.086	    -0.306	     0.069	     0.325
  1.510600	     0.080	    -0.306	     0.084	     0.327
  1.513920	     0.093	    -0.311	     0.086	     0.336
  1.517240	     0.073	    -0.303	     0.081	     0.322
  1.520560	     0.086	    -0.292	     0.080	     0.315
  1.523880	     0.085	    -0.319	     0.081	     0.340
  1.527200	     0.073	    -0.303	     0.071	     0.320
  1.530520	     0.081	    -0.268	     0.083	     0.292
  1.533840	     0.065	    -0.300	     0.087	     0.319
  1.537160	     0.080	    -0.292	     0.085	     0.314
  1.540480	     0.105	    -0.293	     0.066	     0.318
  1.543800	     0.085	    -0.301	     0.056	     0.318
  1.547120	     0.078	    -0.315	     0.102	     0.340
  1.550440	     0.068	    -0.289	     0.071	     0.305
  1.553760	     0.075	    -0.305	     0.082	     0.325
  1.557080	     0.075	    -0.270	     0.045	     0.284
  1.560400	     0.080	    -0.307	     0.076	     0.326
  1.563720	     0.081	    -0.315	     0.081	     0.335
  1.567040	     0.084	    -0.311	     0.093	     0.335
  1.570360	     0.066	    -0.308	     0.086	     0.327
  1.573680	     0.058	    -0.274	     0.080	     0.291
  1.577000	     0.055	    -0.315	     0.098	     0.334
  1.580320	     0.050	    -0.283	     0.072	     0.296
  1.583640	     0.079	    -0.291	     0.061	     0.308
  1.586960	     0.084	    -0.295	     0.084	     0.318
  1.590280	     0.061	    -0.279	     0.097	     0.302
  1.593600	     0.086	    -0.288	     0.091	     0.314
  1.596920	     0.065	    -0.288	     0.075	     0.305
  1.600240	     0.059	    -0.314	     0.052	     0.324
  1.603560	     0.080	    -0.297	     0.075	     0.317
  1.606880	     0.087	    -0.296	     0.069	     0.316
  1.610200	     0.082	    -0.321	     0.092	     0.344
  1.613520	     0.079	    -0.284	     0.101	     0.312
  1.616840	     0.075	    -0.308	     0.058	     0.322
  1.620160	     0.059	    -0.292	     0.086	     0.310
  1.623480	     0.111	    -0.305	     0.075	     0.333
  1.626800	     0.059	    -0.286	     0.068	     0.300
  1.630120	     0.068	    -0.314	     0.081	     0.331
  1.633440	     0.073	    -0.314	     0.065	     0.329
  1.636760	     0.086	    -0.306	     0.068	     0.325
  1.640080	     0.081	    -0.311	     0.075	     0.330
  1.643400	     0.075	    -0.298	     0.069	     0.315
  1.646720	     0.077	    -0.305	     0.094	     0.328
  1.650040	     0.073	    -0.269	     0.091	     0.293
  1.653360	     0.077	    -0.297	     0.080	     0.317
  1.656680	     0.083	    -0.294	     0.068	     0.313
  1.660000	     0.080	    -0.297	     0.080	     0.318
  1.663320	     0.074	    -0.292	     0.075	     0.310
  1.666640	     0.080	    -0.308	     0.101	     0.334
  1.669960	     0.079	    -0.301	     0.061	     0.317
  1.673280	     0.074	    -0.323	     0.052	     0.335
  1.676600	     0.070	    -0.287	     0.058	     0.301
  1.679920	     0.069	    -0.317	     0.065	     0.331
  1.683240	     0.072	    -0.284	     0.080	     0.304
  1.686560	     0.095	    -0.285	     0.092	     0.314
  1.689880	     0.061	    -0.279	     0.089	     0.299
  1.693200	     0.068	    -0.314	     0.087	     0.333
  1.696520	     0.073	    -0.317	     0.099	     0.340
  1.699840	     0.061	    -0.305	     0.072	     0.319
  1.703160	     0.083	    -0.303	     0.078	     0.324
  1.706480	     0.062	    -0.288	     0.075	     0.304
  1.709800	     0.072	    -0.306	     0.084	     0.325
  1.713120	     0.081	    -0.297	     0.075	     0.317
  1.716440	     0.087	    -0.296	     0.075	     0.318
  1.719760	     0.086	    -0.331	     0.072	     0.349
  1.723080	     0.063	    -0.302	     0.071	     0.317
  1.726400	     0.086	    -0.288	     0.067	     0.308
  1.729720	     0.095	    -0.340	     0.062	     0.358
  1.733040	     0.090	    -0.312	     0.080	     0.334
  1.736360	     0.077	    -0.303	     0.071	     0.321
  1.739680	     0.079	    -0.285	     0.070	     0.304
  1.743000	     0.052	    -0.289	     0.063	     0.300
  1.746320	     0.071	    -0.311	     0.104	     0.336
  1.749640	     0.075	    -0.295	     0.100	     0.320
  1.752960	     0.052	    -0.294	     0.095	     0.313
  1.756280	     0.083	    -0.323	     0.059	     0.339
  1.759600	     0.073	    -0.300	     0.061	     0.315
  1.762920	     0.046	    -0.325	     0.096	     0.342
  1.766240	     0.097	    -0.306	     0.093	     0.334
  1.769560	     0.069	    -0.288	     0.071	     0.305
  1.772880	     0.062	    -0.311	     0.102	     0.333
  1.776200	     0.059	    -0.278	     0.072	     0.293
  1.779520	     0.087	    -0.309	     0.075	     0.330
  1.782840	     0.073	    -0.289	     0.069	     0.306
  1.786160	     0.090	    -0.303	     0.078	     0.326
  1.789480	     0.073	    -0.299	     0.093	     0.322
  1.792800	     0.062	    -0.315	     0.080	     0.331
  1.796120	     0.050	    -0.307	     0.055	     0.316
  1.799440	     0.082	    -0.306	     0.084	     0.328
  1.802760	     0.090	    -0.315	     0.077	     0.337
  1.806080	     0.094	    -0.311	     0.081	     0.335
  1.809400	     0.069	    -0.309	     0.083	     0.327
  1.812720	     0.075	    -0.310	     0.093	     0.332
  1.816040	     0.108	    -0.306	     0.101	     0.340
  1.819360	     0.068	    -0.304	     0.071	     0.320
  1.822680	     0.090	    -0.307	     0.077	     0.329
  1.826000	     0.101	    -0.286	     0.095	     0.318
  1.829320	     0.065	    -0.286	     0.045	     0.297
  1.832640	     0.060	    -0.312	     0.084	     0.329
  1.835960	     0.058	    -0.308	     0.095	     0.327
  1.839280	     0.058	    -0.305	     0.090	     0.323
  1.842600	     0.097	    -0.315	     0.081	     0.339
  1.845920	     0.086	    -0.292	     0.076	     0.314
  1.849240	     0.068	    -0.315	     0.058	     0.327
  1.852560	     0.107	    -0.278	     0.090	     0.311
  1.855880	     0.084	    -0.312	     0.077	     0.332
  1.859200	     0.090	    -0.310	     0.083	     0.333
  1.862520	     0.078	    -0.316	     0.083	     0.336
  1.865840	     0.071	    -0.316	     0.086	     0.335
  1.869160	     0.099	    -0.282	     0.072	     0.307
  1.872480	     0.081	    -0.321	     0.108	     0.348
  1.875800	     0.089	    -0.305	     0.057	     0.323
  1.879120	     0.061	    -0.314	     0.059	     0.325
  1.882440	     0.084	    -0.275	     0.101	     0.305
  1.885760	     0.082	    -0.306	     0.056	     0.322
  1.889080	     0.081	    -0.295	     0.095	     0.320
  1.892400	     0.072	    -0.306	     0.087	     0.326
  1.895720	     0.096	    -0.287	     0.063	     0.309
  1.899040	     0.087	    -0.300	     0.095	     0.326
  1.902360	     0.102	    -0.294	     0.061	     0.317
  1.905680	     0.081	    -0.291	     0.080	     0.312
  1.909000	     0.090	    -0.322	     0.095	     0.348
  1.912320	     0.072	    -0.277	     0.063	     0.293
  1.915640	     0.080	    -0.308	     0.075	     0.327
  1.918960	     0.082	    -0.275	     0.077	     0.297
  1.922280	     0.092	    -0.292	     0.086	     0.318
  1.925600	     0.074	    -0.311	     0.090	     0.332
  1.928920	     0.077	    -0.311	     0.094	     0.334
  1.932240	     0.076	    -0.290	     0.090	     0.313
  1.935560	     0.074	    -0.303	     0.094	     0.326
  1.938880	     0.099	    -0.317	     0.082	     0.342
  1.942200	     0.095	    -0.285	     0.083	     0.312
  1.945520	     0.093	    -0.311	     0.068	     0.332
  1.948840	     0.086	    -0.317	     0.082	     0.339
  1.952160	     0.097	    -0.299	     0.099	     0.330
  1.955480	     0.072	    -0.309	     0.072	     0.325
  1.958800	     0.084	    -0.293	     0.084	     0.316
  1.962120	     0.069	    -0.327	     0.078	     0.343
  1.965440	     0.059	    -0.303	     0.069	     0.316
  1.968760	     0.096	    -0.284	     0.078	     0.310
  1.972080	     0.066	    -0.290	     0.056	     0.303
  1.975400	     0.077	    -0.294	     0.075	     0.313
  1.978720	     0.094	    -0.318	     0.090	     0.344
  1.982040	     0.080	    -0.309	     0.064	     0.326
  1.985360	     0.060	    -0.293	     0.080	     0.310
  1.988680	     0.061	    -0.314	     0.077	     0.329
  1.992000	     0.082	    -0.301	     0.099	     0.327
  1.995320	     0.073	    -0.290	     0.071	     0.307
  1.998640	     0.059	    -0.325	     0.070	     0.338
  2.001960	     0.087	    -0.296	     0.071	     0.317
  2.005280	     0.072	    -0.292	     0.063	     0.307
  2.008600	     0.078	    -0.290	     0.076	     0.310
  2.011920	     0.082	    -0.332	     0.076	     0.350
  2.015240	     0.065	    -0.281	     0.087	     0.301
  2.018560	     0.077	    -0.289	     0.061	     0.305
  2.021880	     0.052	    -0.306	     0.089	     0.323
  2.025200	     0.073	    -0.288	     0.103	     0.314
  2.028520	     0.063	    -0.320	     0.083	     0.337
  2.031840	     0.057	    -0.301	     0.072	     0.315
  2.035160	     0.091	    -0.295	     0.105	     0.326
  2.038480	     0.084	    -0.314	     0.094	     0.338
  2.041800	     0.080	    -0.305	     0.069	     0.323
  2.045120	     0.081	    -0.299	     0.074	     0.318
  2.048440	     0.072	    -0.291	     0.067	     0.307
  2.051760	     0.078	    -0.314	     0.082	     0.334
  2.055080	     0.077	    -0.288	     0.067	     0.306
  2.058400	     0.087	    -0.296	     0.096	     0.323
  2.061720	     0.073	    -0.301	     0.068	     0.317
  2.065040	     0.086	    -0.314	     0.067	     0.332
  2.068360	     0.083	    -0.305	     0.084	     0.327
  2.071680	     0.068	    -0.300	     0.077	     0.317
  2.075000	     0.076	    -0.330	     0.059	     0.344
  2.078320	     0.051	    -0.286	     0.057	     0.296
  2.081640	     0.098	    -0.325	     0.064	     0.345
  2.084960	     0.061	    -0.309	     0.062	     0.321
  2.088280	     0.069	    -0.289	     0.063	     0.304
  2.091600	     0.075	    -0.297	     0.076	     0.316
  2.094920	     0.082	    -0.308	     0.084	     0.330
  2.098240	     0.079	    -0.308	     0.058	     0.323
  2.101560	     0.067	    -0.314	     0.052	     0.325
  2.104880	     0.081	    -0.290	     0.064	     0.308
  2.108200	     0.076	    -0.312	     0.062	     0.327
  2.111520	     0.095	    -0.318	     0.071	     0.339
  2.114840	     0.088	    -0.298	     0.078	     0.320
  2.118160	     0.074	    -0.317	     0.081	     0.335
  2.121480	     0.084	    -0.306	     0.064	     0.324
  2.124800	     0.079	    -0.315	     0.074	     0.333
  2.128120	     0.068	    -0.286	     0.067	     0.302
  2.131440	     0.060	    -0.320	     0.080	     0.335
  2.134760	     0.063	    -0.308	     0.079	     0.324
  2.138080	     0.061	    -0.317	     0.044	     0.326
  2.141400	     0.071	    -0.281	     0.105	     0.308
  2.144720	     0.081	    -0.309	     0.079	     0.329
  2.148040	     0.066	    -0.306	     0.074	     0.322
  2.151360	     0.090	    -0.284	     0.083	     0.309
  2.154680	     0.090	    -0.314	     0.075	     0.335
  2.158000	     0.102	    -0.314	     0.068	     0.337
  2.161320	     0.064	    -0.297	     0.062	     0.310
  2.164640	     0.080	    -0.297	     0.082	     0.318
  2.167960	     0.072	    -0.311	     0.065	     0.326
  2.171280	     0.084	    -0.284	     0.068	     0.304
  2.174600	     0.070	    -0.298	     0.071	     0.314
  2.177920	     0.097	    -0.290	     0.085	     0.317
  2.181240	     0.062	    -0.320	     0.063	     0.332
  2.184560	     0.095	    -0.317	     0.049	     0.335
  2.187880	     0.093	    -0.313	     0.069	     0.334
  2.191200	     0.074	    -0.305	     0.069	     0.321
  2.194520	     0.083	    -0.292	     0.079	     0.314
  2.197840	     0.080	    -0.311	     0.058	     0.326
  2.201160	     0.077	    -0.304	     0.078	     0.323
  2.204480	     0.080	    -0.319	     0.081	     0.339
  2.207800	     0.086	    -0.308	     0.042	     0.323
  2.211120	     0.052	    -0.297	     0.069	     0.309
  2.214440	     0.075	    -0.323	     0.053	     0.336
  2.217760	     0.072	    -0.291	     0.076	     0.309
  2.221080	     0.086	    -0.278	     0.071	     0.300
  2.224400	     0.055	    -0.303	     0.074	     0.317
  2.227720	     0.068	    -0.310	     0.065	     0.324
  2.231040	     0.090	    -0.316	     0.095	     0.342
  2.234360	     0.060	    -0.286	     0.097	     0.308
  2.237680	     0.071	    -0.290	     0.067	     0.306
  2.241000	     0.079	    -0.308	     0.062	     0.324
  2.244320	     0.097	    -0.320	     0.095	     0.348
  2.247640	     0.086	    -0.291	     0.049	     0.307
  2.250960	     0.091	    -0.284	     0.086	     0.310
  2.254280	     0.081	    -0.310	     0.095	     0.334
  2.257600	     0.100	    -0.334	     0.073	     0.356
  2.260920	     0.090	    -0.311	     0.097	     0.338
  2.264240	     0.081	    -0.272	     0.069	     0.292
  2.267560	     0.085	    -0.289	     0.074	     0.310
  2.270880	     0.111	    -0.284	     0.077	     0.314
  2.274200	     0.083	    -0.339	     0.071	     0.356
  2.277520	     0.069	    -0.293	     0.072	     0.310
  2.280840	     0.051	    -0.306	     0.090	     0.323
  2.284160	     0.095	    -0.295	     0.081	     0.320
  2.287480	     0.054	    -0.307	     0.061	     0.318
  2.290800	     0.062	    -0.300	     0.099	     0.322
  2.294120	     0.085	    -0.301	     0.087	     0.325
  2.297440	     0.087	    -0.301	     0.095	     0.327
  2.300760	     0.102	    -0.300	     0.061	     0.323
  2.304080	     0.091	    -0.292	     0.068	     0.313
  2.307400	     0.104	    -0.327	     0.063	     0.349
  2.310720	     0.080	    -0.310	     0.036	     0.322
  2.314040	     0.086	    -0.313	     0.102	     0.340
  2.317360	     0.069	    -0.306	     0.083	     0.324
  2.320680	     0.066	    -0.325	     0.074	     0.340
  2.324000	     0.074	    -0.302	     0.078	     0.321
  2.327320	     0.062	    -0.303	     0.067	     0.316
  2.330640	     0.084	    -0.314	     0.077	     0.334
  2.333960	     0.100	    -0.324	     0.092	     0.351
  2.337280	     0.061	    -0.278	     0.075	     0.294
  2.340600	     0.067	    -0.323	     0.074	     0.338
  2.343920	     0.070	    -0.311	     0.090	     0.331
  2.347240	     0.071	    -0.308	     0.064	     0.322
  2.350560	     0.060	    -0.306	     0.059	     0.317
  2.353880	     0.067	    -0.307	     0.055	     0.319
  2.357200	     0.044	    -0.308	     0.062	     0.317
  2.360520	     0.093	    -0.316	     0.076	     0.338
  2.363840	     0.080	    -0.310	     0.072	     0.328
  2.367160	     0.071	    -0.291	     0.071	     0.308
  2.370480	     0.070	    -0.321	     0.078	     0.338
  2.373800	     0.052	    -0.315	     0.064	     0.326
  2.377120	     0.078	    -0.308	     0.100	     0.333
  2.380440	     0.077	    -0.275	     0.093	     0.300
  2.383760	     0.094	    -0.291	     0.090	     0.319
  2.387080	     0.075	    -0.280	     0.086	     0.302
  2.390400	     0.071	    -0.286	     0.107	     0.314
  2.393720	     0.094	    -0.325	     0.100	     0.353
  2.397040	     0.052	    -0.294	     0.065	     0.306
  2.400360	     0.069	    -0.288	     0.081	     0.307
  2.403680	     0.083	    -0.284	     0.075	     0.305
  2.407000	     0.067	    -0.311	     0.084	     0.329
  2.410320	     0.084	    -0.322	     0.061	     0.338
  2.413640	     0.079	    -0.303	     0.084	     0.324
  2.416960	     0.112	    -0.325	     0.072	     0.351
  2.420280	     0.095	    -0.292	     0.090	     0.320
  2.423600	     0.099	    -0.305	     0.076	     0.330
  2.426920	     0.082	    -0.273	     0.069	     0.293
  2.430240	     0.091	    -0.285	     0.052	     0.304
  2.433560	     0.093	    -0.324	     0.095	     0.350
  2.436880	     0.070	    -0.295	     0.062	     0.309
  2.440200	     0.071	    -0.307	     0.097	     0.330
  2.443520	     0.055	    -0.297	     0.082	     0.313
  2.446840	     0.099	    -0.316	     0.067	     0.338
  2.450160	     0.095	    -0.297	     0.086	     0.323
  2.453480	     0.108	    -0.308	     0.055	     0.331
  2.456800	     0.087	    -0.294	     0.056	     0.312
  2.460120	     0.098	    -0.311	     0.056	     0.331
  2.463440	     0.114	    -0.297	     0.081	     0.328
  2.466760	     0.077	    -0.308	     0.080	     0.327
  2.470080	     0.061	    -0.309	     0.087	     0.327
  2.473400	     0.096	    -0.301	     0.077	     0.325
  2.476720	     0.081	    -0.320	     0.086	     0.341
  2.480040	     0.072	    -0.306	     0.064	     0.321
  2.483360	     0.102	    -0.304	     0.075	     0.329
  2.486680	     0.105	    -0.297	     0.087	     0.327
  2.490000	     0.097	    -0.320	     0.087	     0.346
  2.493320	     0.095	    -0.295	     0.057	     0.315
  2.496640	     0.088	    -0.302	     0.067	     0.322
  2.499960	     0.081	    -0.325	     0.080	     0.344
  2.503280	     0.081	    -0.283	     0.047	     0.298
  2.506600	     0.065	    -0.320	     0.068	     0.334
  2.509920	     0.082	    -0.301	     0.055	     0.317
  2.513240	     0.077	    -0.298	     0.072	     0.316
  2.516560	     0.094	    -0.318	     0.073	     0.340
  2.519880	     0.084	    -0.306	     0.059	     0.323
  2.523200	     0.053	    -0.336	     0.080	     0.349
  2.526520	     0.066	    -0.314	     0.062	     0.327
  2.529840	     0.069	    -0.286	     0.077	     0.304
  2.533160	     0.096	    -0.293	     0.086	     0.320
  2.536480	     0.077	    -0.297	     0.063	     0.313
  2.539800	     0.091	    -0.305	     0.057	     0.323
  2.543120	     0.097	    -0.315	     0.052	     0.334
  2.546440	     0.111	    -0.310	     0.100	     0.344
  2.549760	     0.067	    -0.306	     0.077	     0.323
  2.553080	     0.097	    -0.300	     0.087	     0.327
  2.556400	     0.096	    -0.306	     0.056	     0.326
  2.559720	     0.093	    -0.305	     0.078	     0.328
  2.563040	     0.068	    -0.307	     0.056	     0.319
  2.566360	     0.083	    -0.300	     0.084	     0.322
  2.569680	     0.068	    -0.285	     0.080	     0.304
  2.573000	     0.084	    -0.314	     0.069	     0.332
  2.576320	     0.064	    -0.294	     0.068	     0.308
  2.579640	     0.091	    -0.288	     0.064	     0.309
  2.582960	     0.063	    -0.283	     0.078	     0.300
  2.586280	     0.054	    -0.304	     0.072	     0.317
  2.589600	     0.069	    -0.303	     0.062	     0.317
  2.592920	     0.066	    -0.307	     0.072	     0.322
  2.596240	     0.090	    -0.303	     0.080	     0.326
  2.599560	     0.066	    -0.302	     0.078	     0.319
  2.602880	     0.050	    -0.291	     0.072	     0.304
  2.606200	     0.059	    -0.302	     0.057	     0.313
  2.609520	     0.081	    -0.288	     0.074	     0.308
  2.612840	     0.086	    -0.306	     0.078	     0.327
  2.616160	     0.070	    -0.303	     0.058	     0.316
  2.619480	     0.070	    -0.297	     0.067	     0.312
  2.622800	     0.101	    -0.303	     0.078	     0.329
  2.626120	     0.071	    -0.304	     0.077	     0.322
  2.629440	     0.072	    -0.303	     0.089	     0.324
  2.632760	     0.087	    -0.313	     0.086	     0.336
  2.636080	     0.080	    -0.321	     0.072	     0.339
  2.639400	     0.101	    -0.295	     0.069	     0.319
  2.642720	     0.071	    -0.309	     0.068	     0.324
  2.646040	     0.110	    -0.311	     0.060	     0.335
  2.649360	     0.089	    -0.289	     0.069	     0.310
  2.652680	     0.086	    -0.300	     0.087	     0.324
  2.656000	     0.102	    -0.312	     0.066	     0.335
  2.659320	     0.095	    -0.310	     0.072	     0.332
  2.662640	     0.088	    -0.311	     0.084	     0.334
  2.665960	     0.089	    -0.272	     0.061	     0.293
  2.669280	     0.084	    -0.313	     0.086	     0.335
  2.672600	     0.090	    -0.289	     0.062	     0.309
  2.675920	     0.090	    -0.330	     0.072	     0.350
  2.679240	     0.083	    -0.334	     0.062	     0.350
  2.682560	     0.097	    -0.307	     0.055	     0.327
  2.685880	     0.093	    -0.310	     0.058	     0.329
  2.689200	     0.105	    -0.312	     0.114	     0.348
  2.692520	     0.068	    -0.291	     0.084	     0.310
  2.695840	     0.079	    -0.288	     0.093	     0.313
  2.699160	     0.092	    -0.295	     0.109	     0.328
  2.702480	     0.081	    -0.277	     0.099	     0.305
  2.705800	     0.076	    -0.338	     0.081	     0.356
  2.709120	     0.081	    -0.289	     0.068	     0.308
  2.712440	     0.076	    -0.305	     0.074	     0.323
  2.715760	     0.079	    -0.294	     0.065	     0.311
  2.719080	     0.083	    -0.307	     0.060	     0.324
  2.722400	     0.108	    -0.283	     0.049	     0.307
  2.725720	     0.084	    -0.312	     0.072	     0.331
  2.729040	     0.090	    -0.303	     0.069	     0.324
  2.732360	     0.078	    -0.277	     0.069	     0.296
  2.735680	     0.106	    -0.303	     0.037	     0.323
  2.739000	     0.104	    -0.312	     0.064	     0.335
  2.742320	     0.092	    -0.320	     0.080	     0.342
  2.745640	     0.108	    -0.322	     0.072	     0.347
  2.748960	     0.093	    -0.317	     0.086	     0.341
  2.752280	     0.095	    -0.298	     0.057	     0.318
  2.755600	     0.070	    -0.309	     0.049	     0.321
  2.758920	     0.069	    -0.286	     0.029	     0.296
  2.762240	     0.082	    -0.292	     0.041	     0.306
  2.765560	     0.081	    -0.297	     0.066	     0.315
  2.768880	     0.082	    -0.314	     0.050	     0.328
  2.772200	     0.069	    -0.286	     0.081	     0.305
  2.775520	     0.075	    -0.301	     0.067	     0.317
  2.778840	     0.066	    -0.304	     0.083	     0.322
  2.782160	     0.072	    -0.308	     0.083	     0.327
  2.785480	     0.100	    -0.311	     0.058	     0.332
  2.788800	     0.091	    -0.305	     0.057	     0.323
  2.792120	     0.078	    -0.308	     0.058	     0.323
  2.795440	     0.076	    -0.337	     0.048	     0.349
  2.798760	     0.063	    -0.331	     0.077	     0.346
  2.802080	     0.081	    -0.291	     0.086	     0.314
  2.805400	     0.069	    -0.278	     0.062	     0.293
  2.808720	     0.099	    -0.284	     0.065	     0.308
  2.812040	     0.095	    -0.310	     0.075	     0.333
  2.815360	     0.078	    -0.291	     0.056	     0.306
  2.818680	     0.069	    -0.284	     0.074	     0.301
  2.822000	     0.087	    -0.303	     0.058	     0.321
  2.825320	     0.079	    -0.286	     0.064	     0.304
  2.828640	     0.079	    -0.277	     0.082	     0.299
  2.831960	     0.095	    -0.320	     0.069	     0.341
  2.835280	     0.083	    -0.303	     0.091	     0.327
  2.838600	     0.089	    -0.283	     0.088	     0.309
  2.841920	     0.096	    -0.288	     0.099	     0.319
  2.845240	     0.073	    -0.285	     0.090	     0.308
  2.848560	     0.083	    -0.284	     0.068	     0.304
  2.851880	     0.073	    -0.298	     0.072	     0.315
  2.855200	     0.068	    -0.311	     0.098	     0.333
  2.858520	     0.093	    -0.312	     0.080	     0.335
  2.861840	     0.068	    -0.311	     0.084	     0.329
  2.865160	     0.076	    -0.309	     0.107	     0.336
  2.868480	     0.075	    -0.314	     0.073	     0.331
  2.871800	     0.079	    -0.301	     0.071	     0.319
  2.875120	     0.057	    -0.305	     0.076	     0.319
  2.878440	     0.088	    -0.317	     0.062	     0.335
  2.881760	     0.075	    -0.321	     0.089	     0.341
  2.885080	     0.066	    -0.294	     0.097	     0.317
  2.888400	     0.073	    -0.325	     0.098	     0.347
  2.891720	     0.063	    -0.270	     0.075	     0.287
  2.895040	     0.074	    -0.296	     0.077	     0.315
  2.898360	     0.071	    -0.298	     0.087	     0.318
  2.901680	     0.068	    -0.311	     0.078	     0.328
  2.905000	     0.102	    -0.291	     0.056	     0.313
  2.908320	     0.083	    -0.297	     0.101	     0.324
  2.911640	     0.061	    -0.277	     0.072	     0.293
  2.914960	     0.076	    -0.314	     0.071	     0.331
  2.918280	     0.097	    -0.309	     0.077	     0.333
  2.921600	     0.102	    -0.317	     0.072	     0.341
  2.924920	     0.090	    -0.301	     0.084	     0.325
  2.928240	     0.093	    -0.309	     0.073	     0.331
  2.931560	     0.088	    -0.293	     0.098	     0.321
  2.934880	     0.072	    -0.292	     0.076	     0.310
  2.938200	     0.087	    -0.295	     0.092	     0.321
  2.941520	     0.088	    -0.325	     0.080	     0.346
  2.944840	     0.093	    -0.322	     0.076	     0.344
  2.948160	     0.094	    -0.289	     0.072	     0.312
  2.951480	     0.069	    -0.293	     0.083	     0.312
  2.954800	     0.097	    -0.281	     0.090	     0.311
  2.958120	     0.086	    -0.320	     0.082	     0.341
  2.961440	     0.087	    -0.308	     0.077	     0.329
  2.964760	     0.080	    -0.292	     0.069	     0.311
  2.968080	     0.094	    -0.293	     0.057	     0.313
  2.971400	     0.059	    -0.318	     0.062	     0.329
  2.974720	     0.079	    -0.286	     0.092	     0.311
  2.978040	     0.093	    -0.307	     0.067	     0.328
  2.981360	     0.072	    -0.298	     0.065	     0.313
  2.984680	     0.084	    -0.312	     0.054	     0.328
  2.988000	     0.061	    -0.311	     0.056	     0.322
  2.991320	     0.050	    -0.315	     0.073	     0.327
  2.994640	     0.059	    -0.300	     0.072	     0.314
  2.997960	     0.079	    -0.309	     0.068	     0.326
  3.001280	     0.072	    -0.297	     0.059	     0.311
  3.004600	     0.079	    -0.299	     0.067	     0.316
  3.007920	     0.097	    -0.300	     0.064	     0.322
  3.011240	     0.064	    -0.296	     0.063	     0.309
  3.014560	     0.059	    -0.284	     0.090	     0.304
  3.017880	     0.066	    -0.300	     0.081	     0.318
  3.021200	     0.069	    -0.295	     0.086	     0.315
  3.024520	     0.079	    -0.293	     0.104	     0.321
  3.027840	     0.075	    -0.312	     0.091	     0.334
  3.031160	     0.085	    -0.294	     0.083	     0.317
  3.034480	     0.066	    -0.309	     0.088	     0.328
  3.037800	     0.115	    -0.306	     0.066	     0.333
  3.041120	     0.070	    -0.326	     0.083	     0.344
  3.044440	     0.054	    -0.310	     0.101	     0.330
  3.047760	     0.091	    -0.300	     0.088	     0.326
  3.051080	     0.091	    -0.294	     0.111	     0.327
  3.054400	     0.047	    -0.277	     0.073	     0.290
  3.057720	     0.083	    -0.303	     0.090	     0.327
  3.061040	     0.076	    -0.303	     0.063	     0.319
  3.064360	     0.066	    -0.298	     0.068	     0.313
  3.067680	     0.042	    -0.313	     0.056	     0.321
  3.071000	     0.069	    -0.302	     0.088	     0.322
  3.074320	     0.062	    -0.296	     0.077	     0.312
  3.077640	     0.065	    -0.297	     0.080	     0.314
  3.080960	     0.096	    -0.278	     0.063	     0.301
  3.084280	     0.064	    -0.298	     0.069	     0.313
  3.087600	     0.077	    -0.309	     0.077	     0.328
  3.090920	     0.068	    -0.295	     0.058	     0.308
  3.094240	     0.077	    -0.309	     0.069	     0.326
  3.097560	     0.103	    -0.312	     0.067	     0.335
  3.100880	     0.072	    -0.302	     0.057	     0.316
  3.104200	     0.082	    -0.311	     0.084	     0.332
  3.107520	     0.065	    -0.299	     0.071	     0.314
  3.110840	     0.086	    -0.301	     0.083	     0.324
  3.114160	     0.080	    -0.298	     0.090	     0.321
  3.117480	     0.074	    -0.273	     0.071	     0.292
  3.120800	     0.075	    -0.297	     0.105	     0.324
  3.124120	     0.097	    -0.286	     0.070	     0.310
  3.127440	     0.067	    -0.291	     0.101	     0.315
  3.130760	     0.037	    -0.324	     0.051	     0.330
  3.134080	     0.075	    -0.285	     0.068	     0.302
  3.137400	     0.074	    -0.299	     0.058	     0.313
  3.140720	     0.081	    -0.293	     0.071	     0.312
  3.144040	     0.067	    -0.277	     0.066	     0.293
  3.147360	     0.099	    -0.282	     0.075	     0.308
  3.150680	     0.075	    -0.288	     0.064	     0.304
  3.154000	     0.058	    -0.292	     0.062	     0.304
  3.157320	     0.062	    -0.314	     0.059	     0.325
  3.160640	     0.079	    -0.299	     0.074	     0.318
  3.163960	     0.086	    -0.296	     0.085	     0.320
  3.167280	     0.091	    -0.304	     0.081	     0.328
  3.170600	     0.058	    -0.294	     0.062	     0.306
  3.173920	     0.076	    -0.315	     0.063	     0.330
  3.177240	     0.062	    -0.289	     0.059	     0.301
  3.180560	     0.063	    -0.309	     0.062	     0.321
  3.183880	     0.085	    -0.313	     0.072	     0.332
  3.187200	     0.101	    -0.293	     0.071	     0.318
  3.190520	     0.086	    -0.316	     0.089	     0.339
  3.193840	     0.065	    -0.288	     0.049	     0.299
  3.197160	     0.070	    -0.300	     0.046	     0.311
  3.200480	     0.064	    -0.291	     0.079	     0.308
  3.203800	     0.076	    -0.318	     0.044	     0.330
  3.207120	     0.079	    -0.296	     0.073	     0.315
  3.210440	     0.090	    -0.294	     0.090	     0.320
  3.213760	     0.081	    -0.314	     0.078	     0.334
  3.217080	     0.074	    -0.300	     0.096	     0.324
  3.220400	     0.063	    -0.286	     0.095	     0.308
  3.223720	     0.072	    -0.327	     0.072	     0.342
  3.227040	     0.094	    -0.283	     0.077	     0.308
  3.230360	     0.040	    -0.308	     0.066	     0.318
  3.233680	     0.052	    -0.285	     0.064	     0.297
  3.237000	     0.080	    -0.303	     0.084	     0.324
  3.240320	     0.095	    -0.309	     0.071	     0.331
  3.243640	     0.087	    -0.310	     0.065	     0.328
  3.246960	     0.075	    -0.303	     0.102	     0.328
  3.250280	     0.079	    -0.316	     0.061	     0.331
  3.253600	     0.124	    -0.298	     0.078	     0.332
  3.256920	     0.076	    -0.284	     0.095	     0.309
  3.260240	     0.090	    -0.312	     0.076	     0.333
  3.263560	     0.094	    -0.307	     0.101	     0.337
  3.266880	     0.051	    -0.297	     0.056	     0.307
  3.270200	     0.105	    -0.316	     0.088	     0.344
  3.273520	     0.084	    -0.318	     0.062	     0.335
  3.276840	     0.046	    -0.305	     0.080	     0.319
  3.280160	     0.071	    -0.309	     0.082	     0.327
  3.283480	     0.080	    -0.306	     0.062	     0.322
  3.286800	     0.074	    -0.325	     0.089	     0.345
  3.290120	     0.054	    -0.299	     0.064	     0.311
  3.293440	     0.092	    -0.295	     0.078	     0.319
  3.296760	     0.087	    -0.288	     0.080	     0.311
  3.300080	     0.113	    -0.301	     0.078	     0.331
  3.303400	     0.106	    -0.291	     0.071	     0.318
  3.306720	     0.094	    -0.297	     0.087	     0.323
  3.310040	     0.077	    -0.295	     0.067	     0.312
  3.313360	     0.077	    -0.297	     0.059	     0.312
  3.316680	     0.073	    -0.317	     0.087	     0.337
  3.320000	     0.099	    -0.299	     0.077	     0.324
  3.323320	     0.078	    -0.306	     0.080	     0.326
  3.326640	     0.088	    -0.307	     0.062	     0.325
  3.329960	     0.080	    -0.328	     0.064	     0.344
  3.333280	     0.070	    -0.297	     0.058	     0.311
  3.336600	     0.075	    -0.287	     0.061	     0.303
  3.339920	     0.083	    -0.310	     0.089	     0.333
  3.343240	     0.079	    -0.307	     0.068	     0.324
  3.346560	     0.077	    -0.289	     0.077	     0.309
  3.349880	     0.087	    -0.297	     0.084	     0.321
  3.353200	     0.078	    -0.312	     0.083	     0.332
  3.356520	     0.077	    -0.314	     0.059	     0.329
  3.359840	     0.081	    -0.313	     0.074	     0.332
  3.363160	     0.077	    -0.306	     0.069	     0.323
  3.366480	     0.059	    -0.298	     0.056	     0.309
  3.369800	     0.085	    -0.296	     0.037	     0.310
  3.373120	     0.061	    -0.288	     0.069	     0.302
  3.376440	     0.105	    -0.308	     0.081	     0.335
  3.379760	     0.075	    -0.278	     0.095	     0.303
  3.383080	     0.079	    -0.331	     0.068	     0.347
  3.386400	     0.079	    -0.325	     0.051	     0.338
  3.389720	     0.094	    -0.278	     0.077	     0.303
  3.393040	     0.095	    -0.300	     0.075	     0.323
  3.396360	     0.073	    -0.286	     0.081	     0.306
  3.399680	     0.077	    -0.331	     0.077	     0.348
  3.403000	     0.097	    -0.292	     0.080	     0.318
  3.406320	     0.060	    -0.298	     0.065	     0.311
  3.409640	     0.087	    -0.301	     0.056	     0.318
  3.412960	     0.103	    -0.294	     0.063	     0.318
  3.416280	     0.095	    -0.308	     0.065	     0.329
  3.419600	     0.076	    -0.311	     0.091	     0.333
  3.422920	     0.084	    -0.292	     0.077	     0.313
  3.426240	     0.104	    -0.314	     0.054	     0.335
  3.429560	     0.105	    -0.297	     0.086	     0.327
  3.432880	     0.065	    -0.290	     0.096	     0.312
  3.436200	     0.061	    -0.286	     0.083	     0.304
  3.439520	     0.091	    -0.324	     0.069	     0.344
  3.442840	     0.080	    -0.309	     0.088	     0.331
  3.446160	     0.066	    -0.313	     0.080	     0.330
  3.449480	     0.050	    -0.329	     0.068	     0.340
  3.452800	     0.062	    -0.298	     0.098	     0.320
  3.456120	     0.078	    -0.322	     0.089	     0.343
  3.459440	     0.069	    -0.317	     0.069	     0.332
  3.462760	     0.079	    -0.296	     0.072	     0.315
  3.466080	     0.098	    -0.297	     0.083	     0.324
  3.469400	     0.078	    -0.281	     0.093	     0.306
  3.472720	     0.076	    -0.307	     0.095	     0.330
  3.476040	     0.088	    -0.308	     0.079	     0.330
  3.479360	     0.082	    -0.281	     0.080	     0.303
  3.482680	     0.086	    -0.310	     0.065	     0.328
  3.486000	     0.091	    -0.267	     0.063	     0.289
  3.489320	     0.083	    -0.308	     0.078	     0.328
  3.492640	     0.087	    -0.314	     0.098	     0.340
  3.495960	     0.085	    -0.299	     0.063	     0.317
  3.499280	     0.088	    -0.300	     0.058	     0.318
  3.502600	     0.073	    -0.306	     0.088	     0.327
  3.505920	     0.108	    -0.296	     0.081	     0.325
  3.509240	     0.090	    -0.311	     0.080	     0.333
  3.512560	     0.080	    -0.288	     0.059	     0.305
  3.515880	     0.053	    -0.303	     0.080	     0.318
  3.519200	     0.074	    -0.279	     0.077	     0.299
  3.522520	     0.077	    -0.301	     0.076	     0.320
  3.525840	     0.072	    -0.286	     0.080	     0.306
  3.529160	     0.087	    -0.284	     0.067	     0.304
  3.532480	     0.071	    -0.298	     0.075	     0.315
  3.535800	     0.080	    -0.286	     0.084	     0.309
  3.539120	     0.064	    -0.291	     0.092	     0.312
  3.542440	     0.076	    -0.297	     0.087	     0.319
  3.545760	     0.079	    -0.294	     0.075	     0.314
  3.549080	     0.083	    -0.303	     0.054	     0.319
  3.552400	     0.072	    -0.307	     0.050	     0.319
  3.555720	     0.062	    -0.312	     0.046	     0.321
  3.559040	     0.074	    -0.286	     0.076	     0.305
  3.562360	     0.088	    -0.302	     0.080	     0.325
  3.565680	     0.068	    -0.277	     0.083	     0.297
  3.569000	     0.089	    -0.303	     0.098	     0.331
  3.572320	     0.072	    -0.315	     0.083	     0.334
  3.575640	     0.088	    -0.295	     0.080	     0.318
  3.578960	     0.084	    -0.289	     0.064	     0.308
  3.582280	     0.084	    -0.300	     0.064	     0.318
  3.585600	     0.073	    -0.280	     0.080	     0.300
  3.588920	     0.063	    -0.313	     0.073	     0.328
  3.592240	     0.097	    -0.309	     0.080	     0.334
  3.595560	     0.073	    -0.303	     0.095	     0.326
  3.598880	     0.076	    -0.318	     0.085	     0.338
  3.602200	     0.080	    -0.312	     0.068	     0.329
  3.605520	     0.067	    -0.300	     0.112	     0.327
  3.608840	     0.070	    -0.309	     0.098	     0.332
  3.612160	     0.075	    -0.313	     0.060	     0.327
  3.615480	     0.069	    -0.315	     0.093	     0.336
  3.618800	     0.091	    -0.303	     0.098	     0.331
  3.622120	     0.105	    -0.321	     0.068	     0.345
  3.625440	     0.103	    -0.308	     0.080	     0.334
  3.628760	     0.084	    -0.322	     0.089	     0.344
  3.632080	     0.093	    -0.298	     0.058	     0.318
  3.635400	     0.087	    -0.292	     0.051	     0.309
  3.638720	     0.089	    -0.289	     0.062	     0.309
  3.642040	     0.096	    -0.305	     0.070	     0.327
  3.645360	     0.090	    -0.286	     0.090	     0.313
  3.648680	     0.106	    -0.320	     0.055	     0.342
  3.652000	     0.079	    -0.301	     0.049	     0.315
  3.655320	     0.093	    -0.327	     0.086	     0.351
  3.658640	     0.079	    -0.310	     0.080	     0.330
  3.661960	     0.087	    -0.312	     0.087	     0.335
  3.665280	     0.076	    -0.305	     0.080	     0.324
  3.668600	     0.090	    -0.310	     0.086	     0.334
  3.671920	     0.072	    -0.303	     0.064	     0.318
  3.675240	     0.072	    -0.318	     0.075	     0.335
  3.678560	     0.075	    -0.304	     0.060	     0.319
  3.681880	     0.049	    -0.303	     0.093	     0.321
  3.685200	     0.078	    -0.325	     0.090	     0.346
  3.688520	     0.067	    -0.294	     0.103	     0.319
  3.691840	     0.069	    -0.301	     0.095	     0.323
  3.695160	     0.093	    -0.303	     0.060	     0.323
  3.698480	     0.073	    -0.331	     0.065	     0.345
  3.701800	     0.068	    -0.309	     0.055	     0.321
  3.705120	     0.090	    -0.311	     0.078	     0.333
  3.708440	     0.071	    -0.285	     0.071	     0.302
  3.711760	     0.090	    -0.292	     0.069	     0.313
  3.715080	     0.081	    -0.306	     0.071	     0.324
  3.718400	     0.081	    -0.339	     0.063	     0.354
  3.721720	     0.065	    -0.292	     0.056	     0.304
  3.725040	     0.057	    -0.295	     0.081	     0.311
  3.728360	     0.079	    -0.318	     0.075	     0.336
  3.731680	     0.052	    -0.298	     0.069	     0.310
  3.735000	     0.062	    -0.310	     0.062	     0.322
  3.738320	     0.076	    -0.301	     0.083	     0.321
  3.741640	     0.091	    -0.288	     0.065	     0.309
  3.744960	     0.073	    -0.308	     0.080	     0.326
  3.748280	     0.063	    -0.308	     0.082	     0.325
  3.751600	     0.104	    -0.310	     0.086	     0.338
  3.754920	     0.108	    -0.315	     0.072	     0.341
  3.758240	     0.070	    -0.295	     0.065	     0.310
  3.761560	     0.067	    -0.298	     0.077	     0.315
  3.764880	     0.066	    -0.316	     0.081	     0.333
  3.768200	     0.084	    -0.274	     0.081	     0.298
  3.771520	     0.081	    -0.337	     0.040	     0.349
  3.774840	     0.105	    -0.317	     0.075	     0.342
  3.778160	     0.073	    -0.314	     0.092	     0.335
  3.781480	     0.070	    -0.306	     0.072	     0.322
  3.784800	     0.091	    -0.289	     0.047	     0.307
  3.788120	     0.076	    -0.289	     0.086	     0.311
  3.791440	     0.081	    -0.288	     0.107	     0.318
  3.794760	     0.086	    -0.303	     0.067	     0.322
  3.798080	     0.084	    -0.300	     0.067	     0.319
  3.801400	     0.063	    -0.306	     0.103	     0.329
  3.804720	     0.081	    -0.303	     0.093	     0.327
  3.808040	     0.083	    -0.314	     0.063	     0.331
  3.811360	     0.068	    -0.278	     0.084	     0.298
  3.814680	     0.075	    -0.296	     0.102	     0.322
  3.818000	     0.065	    -0.308	     0.071	     0.323
  3.821320	     0.057	    -0.306	     0.065	     0.318
  3.824640	     0.072	    -0.284	     0.075	     0.302
  3.827960	     0.086	    -0.320	     0.041	     0.334
  3.831280	     0.068	    -0.301	     0.067	     0.316
  3.834600	     0.062	    -0.288	     0.069	     0.303
  3.837920	     0.068	    -0.309	     0.067	     0.323
  3.841240	     0.090	    -0.301	     0.077	     0.323
  3.844560	     0.098	    -0.305	     0.088	     0.332
  3.847880	     0.091	    -0.306	     0.083	     0.330
  3.851200	     0.082	    -0.321	     0.058	     0.336
  3.854520	     0.070	    -0.293	     0.051	     0.306
  3.857840	     0.081	    -0.321	     0.075	     0.339
  3.861160	     0.079	    -0.308	     0.050	     0.322
  3.864480	     0.093	    -0.311	     0.059	     0.330
  3.867800	     0.058	    -0.307	     0.077	     0.322
  3.871120	     0.084	    -0.323	     0.060	     0.339
  3.874440	     0.070	    -0.298	     0.091	     0.319
  3.877760	     0.070	    -0.275	     0.069	     0.292
  3.881080	     0.070	    -0.317	     0.062	     0.331
  3.884400	     0.059	    -0.295	     0.062	     0.307
  3.887720	     0.076	    -0.291	     0.074	     0.310
  3.891040	     0.088	    -0.314	     0.035	     0.328
  3.894360	     0.066	    -0.301	     0.063	     0.315
  3.897680	     0.072	    -0.316	     0.062	     0.330
  3.901000	     0.068	    -0.312	     0.071	     0.327
  3.904320	     0.058	    -0.285	     0.091	     0.305
  3.907640	     0.062	    -0.292	     0.091	     0.312
  3.910960	     0.082	    -0.305	     0.078	     0.325
  3.914280	     0.079	    -0.318	     0.074	     0.336
  3.917600	     0.077	    -0.325	     0.090	     0.346
  3.920920	     0.067	    -0.278	     0.069	     0.294
  3.924240	     0.113	    -0.305	     0.066	     0.332
  3.927560	     0.087	    -0.325	     0.064	     0.342
  3.930880	     0.073	    -0.301	     0.071	     0.318
  3.934200	     0.055	    -0.281	     0.064	     0.293
  3.937520	     0.073	    -0.309	     0.064	     0.324
  3.940840	     0.073	    -0.296	     0.074	     0.314
  3.944160	     0.077	    -0.300	     0.078	     0.319
  3.947480	     0.076	    -0.298	     0.049	     0.311
  3.950800	     0.079	    -0.314	     0.060	     0.329
  3.954120	     0.099	    -0.300	     0.053	     0.320
  3.957440	     0.099	    -0.305	     0.083	     0.331
  3.960760	     0.101	    -0.312	     0.059	     0.333
  3.964080	     0.073	    -0.319	     0.049	     0.331
  3.967400	     0.075	    -0.322	     0.064	     0.337
  3.970720	     0.063	    -0.310	     0.049	     0.320
  3.974040	     0.063	    -0.284	     0.063	     0.298
  3.977360	     0.101	    -0.301	     0.091	     0.330
  3.980680	     0.086	    -0.298	     0.078	     0.320
  3.984000	     0.093	    -0.299	     0.091	     0.326
  3.987320	     0.076	    -0.303	     0.111	     0.332
  3.990640	     0.061	    -0.308	     0.077	     0.323
  3.993960	     0.068	    -0.312	     0.079	     0.329
  3.997280	     0.079	    -0.291	     0.072	     0.310
